% Origin: Tony Piro
% Description: EMGW shock model at 6 hours
% Col 0: Row number
% Col 1: Wavelength (Angstrom)
% Col 2: Flux (ergs / cm2 / sec / angstrom)
% Distance assumed was 40 Mpc
0 1000 4.77043e-16
1 1022.04 5.34407e-16
2 1044.09 5.94452e-16
3 1066.13 6.56903e-16
4 1088.18 7.21473e-16
5 1110.22 7.8786e-16
6 1132.26 8.5576e-16
7 1154.31 9.24863e-16
8 1176.35 9.94862e-16
9 1198.4 1.06546e-15
10 1220.44 1.13636e-15
11 1242.48 1.20728e-15
12 1264.53 1.27794e-15
13 1286.57 1.34811e-15
14 1308.62 1.41753e-15
15 1330.66 1.48598e-15
16 1352.71 1.55326e-15
17 1374.75 1.61917e-15
18 1396.79 1.68355e-15
19 1418.84 1.74624e-15
20 1440.88 1.80711e-15
21 1462.93 1.86603e-15
22 1484.97 1.92291e-15
23 1507.01 1.97766e-15
24 1529.06 2.03019e-15
25 1551.1 2.08046e-15
26 1573.15 2.12842e-15
27 1595.19 2.17403e-15
28 1617.23 2.21727e-15
29 1639.28 2.25813e-15
30 1661.32 2.29662e-15
31 1683.37 2.33273e-15
32 1705.41 2.36648e-15
33 1727.45 2.39789e-15
34 1749.5 2.427e-15
35 1771.54 2.45383e-15
36 1793.59 2.47844e-15
37 1815.63 2.50086e-15
38 1837.68 2.52114e-15
39 1859.72 2.53933e-15
40 1881.76 2.55549e-15
41 1903.81 2.56968e-15
42 1925.85 2.58195e-15
43 1947.9 2.59237e-15
44 1969.94 2.60099e-15
45 1991.98 2.60788e-15
46 2014.03 2.61311e-15
47 2036.07 2.61673e-15
48 2058.12 2.6188e-15
49 2080.16 2.6194e-15
50 2102.2 2.61859e-15
51 2124.25 2.61641e-15
52 2146.29 2.61294e-15
53 2168.34 2.60824e-15
54 2190.38 2.60236e-15
55 2212.42 2.59536e-15
56 2234.47 2.5873e-15
57 2256.51 2.57824e-15
58 2278.56 2.56822e-15
59 2300.6 2.55729e-15
60 2322.65 2.54552e-15
61 2344.69 2.53294e-15
62 2366.73 2.51961e-15
63 2388.78 2.50556e-15
64 2410.82 2.49086e-15
65 2432.87 2.47553e-15
66 2454.91 2.45962e-15
67 2476.95 2.44317e-15
68 2499 2.42622e-15
69 2521.04 2.4088e-15
70 2543.09 2.39096e-15
71 2565.13 2.37271e-15
72 2587.17 2.35411e-15
73 2609.22 2.33517e-15
74 2631.26 2.31592e-15
75 2653.31 2.29641e-15
76 2675.35 2.27664e-15
77 2697.39 2.25666e-15
78 2719.44 2.23648e-15
79 2741.48 2.21612e-15
80 2763.53 2.19562e-15
81 2785.57 2.17499e-15
82 2807.62 2.15425e-15
83 2829.66 2.13342e-15
84 2851.7 2.11252e-15
85 2873.75 2.09156e-15
86 2895.79 2.07057e-15
87 2917.84 2.04956e-15
88 2939.88 2.02854e-15
89 2961.92 2.00752e-15
90 2983.97 1.98653e-15
91 3006.01 1.96557e-15
92 3028.06 1.94466e-15
93 3050.1 1.9238e-15
94 3072.14 1.90301e-15
95 3094.19 1.88229e-15
96 3116.23 1.86166e-15
97 3138.28 1.84112e-15
98 3160.32 1.82068e-15
99 3182.36 1.80035e-15
100 3204.41 1.78013e-15
101 3226.45 1.76004e-15
102 3248.5 1.74008e-15
103 3270.54 1.72025e-15
104 3292.59 1.70056e-15
105 3314.63 1.68101e-15
106 3336.67 1.66161e-15
107 3358.72 1.64236e-15
108 3380.76 1.62327e-15
109 3402.81 1.60433e-15
110 3424.85 1.58556e-15
111 3446.89 1.56696e-15
112 3468.94 1.54852e-15
113 3490.98 1.53025e-15
114 3513.03 1.51215e-15
115 3535.07 1.49422e-15
116 3557.11 1.47647e-15
117 3579.16 1.4589e-15
118 3601.2 1.4415e-15
119 3623.25 1.42428e-15
120 3645.29 1.40724e-15
121 3667.33 1.39038e-15
122 3689.38 1.3737e-15
123 3711.42 1.3572e-15
124 3733.47 1.34088e-15
125 3755.51 1.32474e-15
126 3777.56 1.30878e-15
127 3799.6 1.293e-15
128 3821.64 1.27739e-15
129 3843.69 1.26197e-15
130 3865.73 1.24672e-15
131 3887.78 1.23166e-15
132 3909.82 1.21677e-15
133 3931.86 1.20205e-15
134 3953.91 1.18751e-15
135 3975.95 1.17315e-15
136 3998 1.15895e-15
137 4020.04 1.14493e-15
138 4042.08 1.13108e-15
139 4064.13 1.1174e-15
140 4086.17 1.10389e-15
141 4108.22 1.09054e-15
142 4130.26 1.07736e-15
143 4152.3 1.06435e-15
144 4174.35 1.05149e-15
145 4196.39 1.0388e-15
146 4218.44 1.02627e-15
147 4240.48 1.0139e-15
148 4262.53 1.00168e-15
149 4284.57 9.89621e-16
150 4306.61 9.77714e-16
151 4328.66 9.6596e-16
152 4350.7 9.54357e-16
153 4372.75 9.42903e-16
154 4394.79 9.31596e-16
155 4416.83 9.20436e-16
156 4438.88 9.0942e-16
157 4460.92 8.98547e-16
158 4482.97 8.87815e-16
159 4505.01 8.77223e-16
160 4527.05 8.66768e-16
161 4549.1 8.56451e-16
162 4571.14 8.46268e-16
163 4593.19 8.36218e-16
164 4615.23 8.26299e-16
165 4637.27 8.16511e-16
166 4659.32 8.06851e-16
167 4681.36 7.97318e-16
168 4703.41 7.8791e-16
169 4725.45 7.78626e-16
170 4747.49 7.69464e-16
171 4769.54 7.60423e-16
172 4791.58 7.515e-16
173 4813.63 7.42695e-16
174 4835.67 7.34006e-16
175 4857.72 7.25432e-16
176 4879.76 7.1697e-16
177 4901.8 7.08621e-16
178 4923.85 7.00381e-16
179 4945.89 6.9225e-16
180 4967.94 6.84226e-16
181 4989.98 6.76308e-16
182 5012.02 6.68494e-16
183 5034.07 6.60783e-16
184 5056.11 6.53174e-16
185 5078.16 6.45664e-16
186 5100.2 6.38254e-16
187 5122.24 6.30941e-16
188 5144.29 6.23724e-16
189 5166.33 6.16603e-16
190 5188.38 6.09574e-16
191 5210.42 6.02638e-16
192 5232.46 5.95793e-16
193 5254.51 5.89038e-16
194 5276.55 5.82371e-16
195 5298.6 5.75792e-16
196 5320.64 5.69299e-16
197 5342.69 5.6289e-16
198 5364.73 5.56565e-16
199 5386.77 5.50323e-16
200 5408.82 5.44162e-16
201 5430.86 5.38082e-16
202 5452.91 5.32081e-16
203 5474.95 5.26157e-16
204 5496.99 5.20311e-16
205 5519.04 5.1454e-16
206 5541.08 5.08845e-16
207 5563.13 5.03223e-16
208 5585.17 4.97674e-16
209 5607.21 4.92196e-16
210 5629.26 4.86789e-16
211 5651.3 4.81452e-16
212 5673.35 4.76184e-16
213 5695.39 4.70983e-16
214 5717.43 4.6585e-16
215 5739.48 4.60782e-16
216 5761.52 4.55779e-16
217 5783.57 4.5084e-16
218 5805.61 4.45964e-16
219 5827.66 4.41151e-16
220 5849.7 4.36398e-16
221 5871.74 4.31707e-16
222 5893.79 4.27075e-16
223 5915.83 4.22502e-16
224 5937.88 4.17986e-16
225 5959.92 4.13528e-16
226 5981.96 4.09127e-16
227 6004.01 4.0478e-16
228 6026.05 4.00489e-16
229 6048.1 3.96252e-16
230 6070.14 3.92068e-16
231 6092.18 3.87936e-16
232 6114.23 3.83857e-16
233 6136.27 3.79828e-16
234 6158.32 3.7585e-16
235 6180.36 3.71921e-16
236 6202.4 3.68041e-16
237 6224.45 3.6421e-16
238 6246.49 3.60426e-16
239 6268.54 3.56689e-16
240 6290.58 3.52998e-16
241 6312.63 3.49353e-16
242 6334.67 3.45753e-16
243 6356.71 3.42198e-16
244 6378.76 3.38686e-16
245 6400.8 3.35217e-16
246 6422.85 3.3179e-16
247 6444.89 3.28406e-16
248 6466.93 3.25063e-16
249 6488.98 3.21761e-16
250 6511.02 3.18499e-16
251 6533.07 3.15277e-16
252 6555.11 3.12094e-16
253 6577.15 3.08949e-16
254 6599.2 3.05842e-16
255 6621.24 3.02774e-16
256 6643.29 2.99741e-16
257 6665.33 2.96746e-16
258 6687.37 2.93787e-16
259 6709.42 2.90863e-16
260 6731.46 2.87974e-16
261 6753.51 2.85119e-16
262 6775.55 2.82299e-16
263 6797.6 2.79512e-16
264 6819.64 2.76759e-16
265 6841.68 2.74038e-16
266 6863.73 2.7135e-16
267 6885.77 2.68693e-16
268 6907.82 2.66067e-16
269 6929.86 2.63473e-16
270 6951.9 2.60909e-16
271 6973.95 2.58376e-16
272 6995.99 2.55872e-16
273 7018.04 2.53397e-16
274 7040.08 2.50951e-16
275 7062.12 2.48534e-16
276 7084.17 2.46145e-16
277 7106.21 2.43784e-16
278 7128.26 2.4145e-16
279 7150.3 2.39143e-16
280 7172.34 2.36863e-16
281 7194.39 2.34609e-16
282 7216.43 2.32382e-16
283 7238.48 2.3018e-16
284 7260.52 2.28003e-16
285 7282.57 2.25851e-16
286 7304.61 2.23724e-16
287 7326.65 2.21621e-16
288 7348.7 2.19542e-16
289 7370.74 2.17487e-16
290 7392.79 2.15455e-16
291 7414.83 2.13446e-16
292 7436.87 2.1146e-16
293 7458.92 2.09496e-16
294 7480.96 2.07554e-16
295 7503.01 2.05635e-16
296 7525.05 2.03737e-16
297 7547.09 2.0186e-16
298 7569.14 2.00004e-16
299 7591.18 1.98169e-16
300 7613.23 1.96354e-16
301 7635.27 1.9456e-16
302 7657.31 1.92786e-16
303 7679.36 1.91031e-16
304 7701.4 1.89296e-16
305 7723.45 1.8758e-16
306 7745.49 1.85883e-16
307 7767.54 1.84204e-16
308 7789.58 1.82544e-16
309 7811.62 1.80903e-16
310 7833.67 1.79279e-16
311 7855.71 1.77673e-16
312 7877.76 1.76085e-16
313 7899.8 1.74514e-16
314 7921.84 1.7296e-16
315 7943.89 1.71423e-16
316 7965.93 1.69902e-16
317 7987.98 1.68398e-16
318 8010.02 1.6691e-16
319 8032.06 1.65439e-16
320 8054.11 1.63983e-16
321 8076.15 1.62543e-16
322 8098.2 1.61118e-16
323 8120.24 1.59708e-16
324 8142.28 1.58314e-16
325 8164.33 1.56934e-16
326 8186.37 1.5557e-16
327 8208.42 1.54219e-16
328 8230.46 1.52883e-16
329 8252.51 1.51561e-16
330 8274.55 1.50253e-16
331 8296.59 1.48959e-16
332 8318.64 1.47679e-16
333 8340.68 1.46412e-16
334 8362.73 1.45158e-16
335 8384.77 1.43917e-16
336 8406.81 1.4269e-16
337 8428.86 1.41475e-16
338 8450.9 1.40273e-16
339 8472.95 1.39083e-16
340 8494.99 1.37906e-16
341 8517.03 1.36741e-16
342 8539.08 1.35588e-16
343 8561.12 1.34447e-16
344 8583.17 1.33318e-16
345 8605.21 1.322e-16
346 8627.25 1.31094e-16
347 8649.3 1.29999e-16
348 8671.34 1.28915e-16
349 8693.39 1.27843e-16
350 8715.43 1.26781e-16
351 8737.47 1.2573e-16
352 8759.52 1.2469e-16
353 8781.56 1.2366e-16
354 8803.61 1.22641e-16
355 8825.65 1.21632e-16
356 8847.7 1.20634e-16
357 8869.74 1.19645e-16
358 8891.78 1.18666e-16
359 8913.83 1.17697e-16
360 8935.87 1.16738e-16
361 8957.92 1.15789e-16
362 8979.96 1.14849e-16
363 9002 1.13918e-16
364 9024.05 1.12996e-16
365 9046.09 1.12084e-16
366 9068.14 1.11181e-16
367 9090.18 1.10287e-16
368 9112.22 1.09401e-16
369 9134.27 1.08524e-16
370 9156.31 1.07656e-16
371 9178.36 1.06797e-16
372 9200.4 1.05945e-16
373 9222.44 1.05103e-16
374 9244.49 1.04268e-16
375 9266.53 1.03442e-16
376 9288.58 1.02623e-16
377 9310.62 1.01813e-16
378 9332.67 1.0101e-16
379 9354.71 1.00216e-16
380 9376.75 9.94286e-17
381 9398.8 9.86491e-17
382 9420.84 9.78772e-17
383 9442.89 9.71127e-17
384 9464.93 9.63555e-17
385 9486.97 9.56056e-17
386 9509.02 9.48628e-17
387 9531.06 9.41272e-17
388 9553.11 9.33986e-17
389 9575.15 9.2677e-17
390 9597.19 9.19621e-17
391 9619.24 9.12541e-17
392 9641.28 9.05528e-17
393 9663.33 8.98582e-17
394 9685.37 8.91701e-17
395 9707.41 8.84884e-17
396 9729.46 8.78132e-17
397 9751.5 8.71444e-17
398 9773.55 8.64818e-17
399 9795.59 8.58254e-17
400 9817.64 8.51752e-17
401 9839.68 8.4531e-17
402 9861.72 8.38928e-17
403 9883.77 8.32606e-17
404 9905.81 8.26342e-17
405 9927.86 8.20137e-17
406 9949.9 8.13989e-17
407 9971.94 8.07897e-17
408 9993.99 8.01862e-17
409 10016 7.95882e-17
410 10038.1 7.89958e-17
411 10060.1 7.84088e-17
412 10082.2 7.78271e-17
413 10104.2 7.72508e-17
414 10126.3 7.66797e-17
415 10148.3 7.61139e-17
416 10170.3 7.55532e-17
417 10192.4 7.49975e-17
418 10214.4 7.4447e-17
419 10236.5 7.39014e-17
420 10258.5 7.33607e-17
421 10280.6 7.28249e-17
422 10302.6 7.2294e-17
423 10324.6 7.17678e-17
424 10346.7 7.12464e-17
425 10368.7 7.07296e-17
426 10390.8 7.02175e-17
427 10412.8 6.97099e-17
428 10434.9 6.92068e-17
429 10456.9 6.87083e-17
430 10479 6.82142e-17
431 10501 6.77244e-17
432 10523 6.7239e-17
433 10545.1 6.67579e-17
434 10567.1 6.6281e-17
435 10589.2 6.58084e-17
436 10611.2 6.53399e-17
437 10633.3 6.48755e-17
438 10655.3 6.44152e-17
439 10677.4 6.3959e-17
440 10699.4 6.35067e-17
441 10721.4 6.30584e-17
442 10743.5 6.2614e-17
443 10765.5 6.21734e-17
444 10787.6 6.17367e-17
445 10809.6 6.13038e-17
446 10831.7 6.08746e-17
447 10853.7 6.04491e-17
448 10875.8 6.00274e-17
449 10897.8 5.96092e-17
450 10919.8 5.91947e-17
451 10941.9 5.87836e-17
452 10963.9 5.83762e-17
453 10986 5.79722e-17
454 11008 5.75717e-17
455 11030.1 5.71746e-17
456 11052.1 5.67809e-17
457 11074.1 5.63905e-17
458 11096.2 5.60035e-17
459 11118.2 5.56197e-17
460 11140.3 5.52392e-17
461 11162.3 5.48619e-17
462 11184.4 5.44878e-17
463 11206.4 5.41169e-17
464 11228.5 5.3749e-17
465 11250.5 5.33843e-17
466 11272.5 5.30226e-17
467 11294.6 5.2664e-17
468 11316.6 5.23084e-17
469 11338.7 5.19557e-17
470 11360.7 5.16059e-17
471 11382.8 5.12591e-17
472 11404.8 5.09152e-17
473 11426.9 5.05741e-17
474 11448.9 5.02358e-17
475 11470.9 4.99004e-17
476 11493 4.95677e-17
477 11515 4.92378e-17
478 11537.1 4.89105e-17
479 11559.1 4.8586e-17
480 11581.2 4.82641e-17
481 11603.2 4.79449e-17
482 11625.3 4.76283e-17
483 11647.3 4.73142e-17
484 11669.3 4.70028e-17
485 11691.4 4.66939e-17
486 11713.4 4.63874e-17
487 11735.5 4.60835e-17
488 11757.5 4.5782e-17
489 11779.6 4.5483e-17
490 11801.6 4.51864e-17
491 11823.6 4.48922e-17
492 11845.7 4.46004e-17
493 11867.7 4.43109e-17
494 11889.8 4.40237e-17
495 11911.8 4.37389e-17
496 11933.9 4.34563e-17
497 11955.9 4.3176e-17
498 11978 4.28979e-17
499 12000 4.2622e-17
