1000.0 3.9104749786385986e-07
1001.0 4.1072978839655785e-07
1002.0 4.304120789292558e-07
1003.0 4.5009436946195377e-07
1004.0 4.6977665999465164e-07
1005.0 4.894589505273496e-07
1006.0 5.091412410600476e-07
1007.0 5.288235315927454e-07
1008.0 5.485058221254434e-07
1009.0 5.681881126581413e-07
1010.0 5.878704031908604e-07
1011.0 7.007598368588316e-07
1012.0 8.136492705268028e-07
1013.0 9.265387041947739e-07
1014.0 1.0394281378627448e-06
1015.0 1.1523175715307162e-06
1016.0 1.2652070051986871e-06
1017.0 1.3780964388666585e-06
1018.0 1.4909858725346296e-06
1019.0 1.6038753062026008e-06
1020.0 1.7167647398706043e-06
1021.0 1.972347080221964e-06
1022.0 2.2279294205733234e-06
1023.0 2.483511760924683e-06
1024.0 2.7390941012760424e-06
1025.0 2.9946764416274023e-06
1026.0 3.2502587819787613e-06
1027.0 3.5058411223301208e-06
1028.0 3.7614234626814807e-06
1029.0 4.017005803032839e-06
1030.0 4.2725881433842474e-06
1031.0 4.737609293332604e-06
1032.0 5.202630443280962e-06
1033.0 5.66765159322932e-06
1034.0 6.1326727431776775e-06
1035.0 6.597693893126034e-06
1036.0 7.062715043074392e-06
1037.0 7.52773619302275e-06
1038.0 7.992757342971108e-06
1039.0 8.457778492919465e-06
1040.0 8.922799642867931e-06
1041.0 9.868161458371576e-06
1042.0 1.0813523273875219e-05
1043.0 1.1758885089378863e-05
1044.0 1.2704246904882504e-05
1045.0 1.3649608720386149e-05
1046.0 1.459497053588979e-05
1047.0 1.5540332351393436e-05
1048.0 1.6485694166897075e-05
1049.0 1.743105598240072e-05
1050.0 1.8376417797904585e-05
1051.0 2.029897289502064e-05
1052.0 2.2221527992136696e-05
1053.0 2.4144083089252748e-05
1054.0 2.6066638186368793e-05
1055.0 2.7989193283484852e-05
1056.0 2.9911748380600904e-05
1057.0 3.1834303477716956e-05
1058.0 3.375685857483301e-05
1059.0 3.567941367194906e-05
1060.0 3.760196876906537e-05
1061.0 4.067051356423041e-05
1062.0 4.373905835939545e-05
1063.0 4.68076031545605e-05
1064.0 4.987614794972553e-05
1065.0 5.294469274489057e-05
1066.0 5.6013237540055606e-05
1067.0 5.9081782335220646e-05
1068.0 6.21503271303857e-05
1069.0 6.521887192555073e-05
1070.0 6.828741672071567e-05
1071.0 7.090669245935318e-05
1072.0 7.35259681979907e-05
1073.0 7.614524393662823e-05
1074.0 7.876451967526573e-05
1075.0 8.138379541390324e-05
1076.0 8.400307115254076e-05
1077.0 8.662234689117827e-05
1078.0 8.924162262981578e-05
1079.0 9.186089836845331e-05
1080.0 9.448017410709107e-05
1081.0 9.815447867477726e-05
1082.0 0.00010182878324246347
1083.0 0.00010550308781014968
1084.0 0.00010917739237783587
1085.0 0.0001128516969455221
1086.0 0.00011652600151320828
1087.0 0.00012020030608089448
1088.0 0.00012387461064858067
1089.0 0.00012754891521626687
1090.0 0.00013122321978395343
1091.0 0.00013649424021043143
1092.0 0.0001417652606369094
1093.0 0.0001470362810633874
1094.0 0.00015230730148986534
1095.0 0.00015757832191634331
1096.0 0.00016284934234282129
1097.0 0.00016812036276929926
1098.0 0.00017339138319577723
1099.0 0.0001786624036222552
1100.0 0.00018393342404873195
1101.0 0.00018372445075804712
1102.0 0.00018348909800706227
1103.0 0.00018322736579577738
1104.0 0.0001829392541241924
1105.0 0.00018262476299230756
1106.0 0.00018228389240012262
1107.0 0.00018191664234763766
1108.0 0.00018152301283485273
1109.0 0.00018110300386176773
1110.0 0.00018065661542838248
1111.0 0.0001790644714251288
1112.0 0.00017743389537586105
1113.0 0.0001757648872805791
1114.0 0.00017405744713928312
1115.0 0.00017231157495197294
1116.0 0.00017052727071864869
1117.0 0.0001687045344393103
1118.0 0.0001668433661139578
1119.0 0.00016494376574259118
1120.0 0.0001630057333252104
1121.0 0.0001607684197952392
1122.0 0.00015849331159685745
1123.0 0.00015618040873006508
1124.0 0.00015382971119486208
1125.0 0.00015144121899124846
1126.0 0.00014901493211922427
1127.0 0.0001465508505787895
1128.0 0.0001440489743699441
1129.0 0.00014150930349268812
1130.0 0.00013893183794702146
1131.0 0.0001360727885379918
1132.0 0.00013319779742647226
1133.0 0.00013030686461246288
1134.0 0.0001273999900959637
1135.0 0.00012447717387697473
1136.0 0.0001215384159554959
1137.0 0.00011858371633152728
1138.0 0.00011561307500506883
1139.0 0.00011262649197612052
1140.0 0.00010962396724468261
1141.0 0.00010734840706737575
1142.0 0.0001050690824707534
1143.0 0.00010278599345481548
1144.0 0.00010049914001956204
1145.0 9.82085221649931e-05
1146.0 9.591413989110864e-05
1147.0 9.361599319790859e-05
1148.0 9.131408208539306e-05
1149.0 8.900840655356201e-05
1150.0 8.66989666024156e-05
1151.0 8.525487403042942e-05
1152.0 8.380972299131094e-05
1153.0 8.236351348506013e-05
1154.0 8.091624551167701e-05
1155.0 7.94679190711616e-05
1156.0 7.801853416351386e-05
1157.0 7.656809078873385e-05
1158.0 7.511658894682149e-05
1159.0 7.366402863777683e-05
1160.0 7.22104098616001e-05
1161.0 7.184969504253923e-05
1162.0 7.148496094555368e-05
1163.0 7.111620757064352e-05
1164.0 7.074343491780871e-05
1165.0 7.03666429870493e-05
1166.0 6.998583177836525e-05
1167.0 6.960100129175656e-05
1168.0 6.921215152722324e-05
1169.0 6.881928248476531e-05
1170.0 6.84223941643828e-05
1171.0 6.834737232326544e-05
1172.0 6.826942957637891e-05
1173.0 6.818856592372319e-05
1174.0 6.810478136529824e-05
1175.0 6.801807590110415e-05
1176.0 6.792844953114086e-05
1177.0 6.783590225540841e-05
1178.0 6.774043407390675e-05
1179.0 6.764204498663592e-05
1180.0 6.754073499359594e-05
1181.0 6.759662926867015e-05
1182.0 6.765074064900201e-05
1183.0 6.770306913459156e-05
1184.0 6.775361472543877e-05
1185.0 6.78023774215436e-05
1186.0 6.784935722290616e-05
1187.0 6.789455412952633e-05
1188.0 6.793796814140419e-05
1189.0 6.797959925853969e-05
1190.0 6.80194474809329e-05
1191.0 6.821098568606727e-05
1192.0 6.840182386392332e-05
1193.0 6.859196201450104e-05
1194.0 6.878140013780043e-05
1195.0 6.897013823382151e-05
1196.0 6.915817630256427e-05
1197.0 6.934551434402869e-05
1198.0 6.95321523582148e-05
1199.0 6.971809034512258e-05
1200.0 6.990332830475213e-05
1201.0 7.035065069112292e-05
1202.0 7.079941756139205e-05
1203.0 7.124963021555255e-05
1204.0 7.170128995359753e-05
1205.0 7.215439807552013e-05
1206.0 7.267846109236894e-05
1207.0 7.320457261715476e-05
1208.0 7.373273458045562e-05
1209.0 7.426294891284945e-05
1210.0 7.479521754491427e-05
1211.0 7.554791084394869e-05
1212.0 7.630542363286937e-05
1213.0 7.70677708449557e-05
1214.0 7.783496741348716e-05
1215.0 7.86070282717432e-05
1216.0 7.944863578392407e-05
1217.0 8.029581435696332e-05
1218.0 8.11485815738631e-05
1219.0 8.200695501762553e-05
1220.0 8.287095227125288e-05
1221.0 8.409134053552273e-05
1222.0 8.532100927218335e-05
1223.0 8.655997313740574e-05
1224.0 8.780824678736088e-05
1225.0 8.906584487821977e-05
1226.0 9.0623415466481e-05
1227.0 9.219382102823822e-05
1228.0 9.377708204744157e-05
1229.0 9.537321900804126e-05
1230.0 9.698225239398772e-05
1231.0 9.963048766251609e-05
1232.0 0.00010231230789949073
1233.0 0.00010502776669054645
1234.0 0.00010777691762131806
1235.0 0.0001105598142774405
1236.0 0.00011423900356178124
1237.0 0.00011796768207707007
1238.0 0.00012174592899337383
1239.0 0.00012557382348075955
1240.0 0.00012945144470929442
1241.0 0.0001346378287436429
1242.0 0.0001399171840350718
1243.0 0.00014528964681758292
1244.0 0.0001507553533251779
1245.0 0.00015631443979185875
1246.0 0.00016227809276274474
1247.0 0.0001683431381943365
1248.0 0.0001745097238193564
1249.0 0.00018077799737052725
1250.0 0.00018714810658057162
1251.0 0.0001944805564308289
1252.0 0.00020195406458009202
1253.0 0.00020956880731651148
1254.0 0.00021732496092823766
1255.0 0.00022522270170342125
1256.0 0.00023348431541324647
1257.0 0.0002418946579007941
1258.0 0.0002504539140654747
1259.0 0.0002591622688066989
1260.0 0.0002680199070238778
1261.0 0.0002796257938545617
1262.0 0.00029148221061015884
1263.0 0.00030358948109323545
1264.0 0.00031594792910635746
1265.0 0.00032855787845209133
1266.0 0.0003425872089374619
1267.0 0.0003569114471463953
1268.0 0.0003715309729838019
1269.0 0.0003864461663545922
1270.0 0.00040165740716367727
1271.0 0.00042032651367424295
1272.0 0.0004394273910413379
1273.0 0.0004589606352599576
1274.0 0.0004789268423250979
1275.0 0.0004993266082317547
1276.0 0.0005185893676411675
1277.0 0.0005382192345747881
1278.0 0.0005582167100497584
1279.0 0.0005785822950832198
1280.0 0.0005993164906923146
1281.0 0.0006238292576034665
1282.0 0.0006487645593082896
1283.0 0.0006741230244437666
1284.0 0.0006999052816468792
1285.0 0.0007261119595546101
1286.0 0.0007531481227201532
1287.0 0.0007806299988826838
1288.0 0.000808558247649375
1289.0 0.0008369335286273993
1290.0 0.000865756501423933
1291.0 0.0009098966340226525
1292.0 0.0009550504027541549
1293.0 0.001001219517624438
1294.0 0.0010484056886394997
1295.0 0.0010966106258053394
1296.0 0.0011533297699021284
1297.0 0.001211492882635057
1298.0 0.001271102405908107
1299.0 0.0013321607816252578
1300.0 0.0013946704516904925
1301.0 0.0014677581056406967
1302.0 0.0015423293452700557
1303.0 0.001618386978518435
1304.0 0.001695933813325702
1305.0 0.0017749726576317241
1306.0 0.0018521963562732472
1307.0 0.0019307073107578093
1308.0 0.0020105079132926723
1309.0 0.002091600556085098
1310.0 0.002173987631342356
1311.0 0.0022874164012609034
1312.0 0.002402353941342689
1313.0 0.0025188033565609947
1314.0 0.002636767751889104
1315.0 0.0027562502323003005
1316.0 0.00286892377083331
1317.0 0.002982527308928711
1318.0 0.0030970626049277267
1319.0 0.0032125314171715822
1320.0 0.0033289355040015144
1321.0 0.0035075226319181553
1322.0 0.003687047827927419
1323.0 0.003867512762142311
1324.0 0.004048919104675834
1325.0 0.004231268525640992
1326.0 0.004414219481847942
1327.0 0.0045980895116507
1328.0 0.004782880214022175
1329.0 0.004968593187935271
1330.0 0.005155230032362903
1331.0 0.005374135648730713
1332.0 0.005594548314795097
1333.0 0.005816470520958115
1334.0 0.006039904757621837
1335.0 0.006264853515188332
1336.0 0.006497253452719588
1337.0 0.006731553140981874
1338.0 0.006967755832584638
1339.0 0.007205864780137344
1340.0 0.0074458832362494145
1341.0 0.00759654985698947
1342.0 0.007748269488925622
1343.0 0.007901042764836247
1344.0 0.008054870317499721
1345.0 0.008209752779694423
1346.0 0.008343265593048493
1347.0 0.008477180296439945
1348.0 0.008611497110758278
1349.0 0.008746216256893
1350.0 0.008881337955733601
1351.0 0.008996974945598117
1352.0 0.00911171166840428
1353.0 0.00922554763850037
1354.0 0.009338482370234677
1355.0 0.009450515377955472
1356.0 0.009513437481128328
1357.0 0.009574018943688008
1358.0 0.009632258545958084
1359.0 0.009688155068262134
1360.0 0.00974170729092373
1361.0 0.009798278503970791
1362.0 0.00985130022199849
1363.0 0.00990077072889752
1364.0 0.00994668830855857
1365.0 0.009989051244872349
1366.0 0.010073533071102722
1367.0 0.010155862337304027
1368.0 0.010236037995964802
1369.0 0.010314058999573585
1370.0 0.01038992430061894
1371.0 0.010592384386698107
1372.0 0.010795603227096216
1373.0 0.010999581107588795
1374.0 0.011204318313951363
1375.0 0.011409815131959468
1376.0 0.011695156493191734
1377.0 0.011983766894402469
1378.0 0.012275647629905613
1379.0 0.012570799994015114
1380.0 0.012869225281044913
1381.0 0.013232921632851039
1382.0 0.013601296498476355
1383.0 0.013974351019028605
1384.0 0.014352086335615546
1385.0 0.014734503589344913
1386.0 0.015091366636400623
1387.0 0.015451923219088743
1388.0 0.0158161742350907
1389.0 0.01618412058208792
1390.0 0.016555763157761843
1391.0 0.016936476718042433
1392.0 0.017319901082957223
1393.0 0.017706036830935672
1394.0 0.018094884540407252
1395.0 0.01848644478980144
1396.0 0.01884992861812828
1397.0 0.01921509577428589
1398.0 0.019581946613336447
1399.0 0.01995048149034213
1400.0 0.020320700760365108
1401.0 0.02077178182751704
1402.0 0.021225321064227625
1403.0 0.021681319357473985
1404.0 0.022139777594233245
1405.0 0.022600696661482546
1406.0 0.023099672918726947
1407.0 0.023602333431118866
1408.0 0.024108679544021076
1409.0 0.024618712602796355
1410.0 0.025132433952807495
1411.0 0.02576857643773035
1412.0 0.026410506652247253
1413.0 0.027058226564336835
1414.0 0.02771173814197773
1415.0 0.02837104335314858
1416.0 0.029045816709565898
1417.0 0.029726723807664647
1418.0 0.030413766731863665
1419.0 0.03110694756658182
1420.0 0.03180626839623798
1421.0 0.03258668662158641
1422.0 0.033373329166343856
1423.0 0.034166197966977924
1424.0 0.03496529495995621
1425.0 0.03577062208174635
1426.0 0.03651530057985317
1427.0 0.037263870764686
1428.0 0.0380163338290204
1429.0 0.038772690965632
1430.0 0.039532943367296375
1431.0 0.04037409644409725
1432.0 0.0412163856119754
1433.0 0.042059811168768155
1434.0 0.04290437341231286
1435.0 0.0437500726404469
1436.0 0.04451316866120013
1437.0 0.045274318435347974
1438.0 0.04603352131335578
1439.0 0.04679077664568894
1440.0 0.04754608378281281
1441.0 0.048448510731957335
1442.0 0.049344769861645106
1443.0 0.0502348591817479
1444.0 0.051118776702137464
1445.0 0.05199652043268561
1446.0 0.052785727559204285
1447.0 0.053565540612496236
1448.0 0.0543359566011538
1449.0 0.05509697253376934
1450.0 0.055848585418935226
1451.0 0.05668951192177911
1452.0 0.05751684916301946
1453.0 0.058330596278394445
1454.0 0.059130752403642246
1455.0 0.05991731667450108
1456.0 0.06066465894108118
1457.0 0.061397451618185724
1458.0 0.06211569378098557
1459.0 0.06281938450465156
1460.0 0.06350852286435467
1461.0 0.06433607158198146
1462.0 0.0651475841855519
1463.0 0.06594305985658618
1464.0 0.06672249777660436
1465.0 0.06748589712712667
1466.0 0.06826343062321662
1467.0 0.06902598301539051
1468.0 0.0697735535390736
1469.0 0.07050614142969105
1470.0 0.07122374592266828
1471.0 0.07202277417661201
1472.0 0.07280650771480963
1473.0 0.07357494597996661
1474.0 0.07432808841478854
1475.0 0.07506593446198094
1476.0 0.07577286628246618
1477.0 0.0764640063666146
1478.0 0.07713935413916095
1479.0 0.07779890902484
1480.0 0.07844267044838653
1481.0 0.0790082113521034
1482.0 0.07955619417269576
1483.0 0.08008661847180788
1484.0 0.080599483811084
1485.0 0.0810947897521684
1486.0 0.08148957948784769
1487.0 0.08186454497825535
1488.0 0.0822196857285803
1489.0 0.08255500124401145
1490.0 0.08287049102973763
1491.0 0.08305147740180714
1492.0 0.08321340968029935
1493.0 0.08335628760766481
1494.0 0.08348011092635423
1495.0 0.0835848793788183
1496.0 0.08380710637147602
1497.0 0.084013319079437
1498.0 0.08420351728623655
1499.0 0.08437770077541001
1500.0 0.08453586933049269
1501.0 0.08477156764230791
1502.0 0.084997860436902
1503.0 0.08521474728369204
1504.0 0.08542222775209515
1505.0 0.08562030141152856
1506.0 0.0862098968311944
1507.0 0.08679694996559636
1508.0 0.08738146069762581
1509.0 0.08796342891017397
1510.0 0.08854285448613221
1511.0 0.08927871331520017
1512.0 0.09001682085913705
1513.0 0.0907571771945126
1514.0 0.09149978239789656
1515.0 0.09224463654585885
1516.0 0.09321037194059358
1517.0 0.0941810076176685
1518.0 0.09515654374443043
1519.0 0.09613698048822635
1520.0 0.09712231801640307
1521.0 0.09810893020024215
1522.0 0.09910030004189586
1523.0 0.10009642764982926
1524.0 0.10109731313250742
1525.0 0.10210295659839554
1526.0 0.10336485179412243
1527.0 0.10463345392093493
1528.0 0.10590876313177663
1529.0 0.10719077957959133
1530.0 0.10847950341732261
1531.0 0.10989193646908264
1532.0 0.1113094679059889
1533.0 0.11273209780204078
1534.0 0.11415982623123755
1535.0 0.11559265326757874
1536.0 0.11724558832682772
1537.0 0.11890454307278633
1538.0 0.12056951759282596
1539.0 0.12224051197431789
1540.0 0.12391752630463351
1541.0 0.12540388322654072
1542.0 0.12689032380163975
1543.0 0.1283768471324853
1544.0 0.12986345232163213
1545.0 0.13135013847163501
1546.0 0.1327598409229409
1547.0 0.13416961704510333
1548.0 0.13557946598734236
1549.0 0.13698938689887802
1550.0 0.13839937892893017
1551.0 0.13942318831816367
1552.0 0.14044121383409364
1553.0 0.14145346299807
1554.0 0.1424599433314427
1555.0 0.14346066235556182
1556.0 0.14436491614572206
1557.0 0.1452638368431511
1558.0 0.14615743145280022
1559.0 0.14704570697962027
1560.0 0.1479286704285624
1561.0 0.14869170662362952
1562.0 0.149450071248661
1563.0 0.15020377026036677
1564.0 0.15095280961545696
1565.0 0.15169719527064146
1566.0 0.15228783820983688
1567.0 0.15287451621664194
1568.0 0.1534572344281457
1569.0 0.1540359979814373
1570.0 0.1546108120136057
1571.0 0.15517081242999348
1572.0 0.15572899235231624
1573.0 0.15628535355030454
1574.0 0.156839897793689
1575.0 0.15739262685220032
1576.0 0.15777077295643488
1577.0 0.15814755134412026
1578.0 0.15852296337893074
1579.0 0.1588970104245409
1580.0 0.159269693844625
1581.0 0.15962830148598461
1582.0 0.15998663693234913
1583.0 0.16034470000338594
1584.0 0.16070249051876212
1585.0 0.1610600082981452
1586.0 0.16125328207610257
1587.0 0.16144638329476965
1588.0 0.16163931184654046
1589.0 0.1618320676238089
1590.0 0.1620246505189689
1591.0 0.16211814522860624
1592.0 0.16221158193985855
1593.0 0.16230496054728105
1594.0 0.1623982809454288
1595.0 0.16249154302885704
1596.0 0.1624289803129261
1597.0 0.16236634110191037
1598.0 0.16230362548645288
1599.0 0.16224083355719654
1600.0 0.1621779654047843
1601.0 0.161828852331964
1602.0 0.16148004865202456
1603.0 0.16113155427510847
1604.0 0.16078336911135838
1605.0 0.16043549307091703
1606.0 0.15993994201761785
1607.0 0.1594448670398233
1608.0 0.15895026799593528
1609.0 0.1584561447443558
1610.0 0.15796249714348673
1611.0 0.1572267417877487
1612.0 0.15649252072004244
1613.0 0.1557598327010965
1614.0 0.1550286764916393
1615.0 0.15429905085239926
1616.0 0.15343625131422953
1617.0 0.15257534430221625
1618.0 0.1517163282557713
1619.0 0.1508592016143065
1620.0 0.1500039628172337
1621.0 0.1488942233050015
1622.0 0.1477882702167712
1623.0 0.14668609985261633
1624.0 0.1455877085126104
1625.0 0.14449309249682704
1626.0 0.14332999108930403
1627.0 0.14217099684713524
1628.0 0.14101610571498122
1629.0 0.1398653136375024
1630.0 0.13871861655935927
1631.0 0.1374090027049097
1632.0 0.13610550890459272
1633.0 0.13480812876478396
1634.0 0.133516855891859
1635.0 0.13223168389219342
1636.0 0.1310221441777867
1637.0 0.12981820181004178
1638.0 0.1286198509416688
1639.0 0.1274270857253782
1640.0 0.12623990031388027
1641.0 0.12514974580610375
1642.0 0.12406472600425669
1643.0 0.12298483559715921
1644.0 0.1219100692736314
1645.0 0.1208404217224936
1646.0 0.12027634379058232
1647.0 0.11971253304957903
1648.0 0.11914898969762136
1649.0 0.11858571393284702
1650.0 0.11802270595339374
1651.0 0.1179362680844679
1652.0 0.11784285072061425
1653.0 0.11774246337275962
1654.0 0.11763511555183075
1655.0 0.11752081676875459
1656.0 0.11773419948679843
1657.0 0.11793648595617447
1658.0 0.11812769093867194
1659.0 0.1183078291960801
1660.0 0.11847691549018803
1661.0 0.1185392358413232
1662.0 0.11858911711744197
1663.0 0.11862657573193451
1664.0 0.11865162809819105
1665.0 0.11866429062960182
1666.0 0.11851355960235876
1667.0 0.11835272180533289
1668.0 0.11818179083048037
1669.0 0.1180007802697576
1670.0 0.11780970371512073
1671.0 0.1173754376522454
1672.0 0.11693335667634225
1673.0 0.11648347139243534
1674.0 0.11602579240554894
1675.0 0.11556033032070716
1676.0 0.11492965828872725
1677.0 0.11429390516400395
1678.0 0.11365307823301538
1679.0 0.11300718478223983
1680.0 0.11235623209815541
1681.0 0.11155331115670815
1682.0 0.11074762896371346
1683.0 0.10993918984485321
1684.0 0.10912799812580924
1685.0 0.10831405813226343
1686.0 0.10738750473604207
1687.0 0.10646027086127965
1688.0 0.10553235832830474
1689.0 0.10460376895744596
1690.0 0.10367450456903186
1691.0 0.10267650448265717
1692.0 0.10167958155845556
1693.0 0.10068373543877664
1694.0 0.09968896576597003
1695.0 0.09869527218238541
1696.0 0.09762749634612293
1697.0 0.09656229847401043
1698.0 0.09549967642071444
1699.0 0.09443962804090153
1700.0 0.09338215118923826
1701.0 0.09235177259567795
1702.0 0.09132441478809289
1703.0 0.090300075682227
1704.0 0.08927875319382429
1705.0 0.08826044523862871
1706.0 0.08720975087269198
1707.0 0.08616278918089092
1708.0 0.08511955748122464
1709.0 0.08408005309169236
1710.0 0.08304427333029332
1711.0 0.08206180391866762
1712.0 0.08108308071184436
1713.0 0.08010810105381107
1714.0 0.07913686228855521
1715.0 0.07816936176006424
1716.0 0.07720608486165308
1717.0 0.07624653073616555
1718.0 0.07529069673575652
1719.0 0.07433858021258073
1720.0 0.073390178518793
1721.0 0.07252953393826597
1722.0 0.07167197372798201
1723.0 0.07081749578056441
1724.0 0.06996609798863665
1725.0 0.06911777824482208
1726.0 0.06829420400389939
1727.0 0.06747325007506602
1728.0 0.06665491470471331
1729.0 0.06583919613923266
1730.0 0.0650260926250155
1731.0 0.06431110202364515
1732.0 0.06359795682882086
1733.0 0.06288665589525937
1734.0 0.06217719807767745
1735.0 0.06146958223079197
1736.0 0.060791398654209176
1737.0 0.0601144813205733
1738.0 0.0594388295159125
1739.0 0.058764442526255026
1740.0 0.05809131963762909
1741.0 0.057520109805470516
1742.0 0.05694936049394043
1743.0 0.056379071565675704
1744.0 0.05580924288331315
1745.0 0.05523987430948963
1746.0 0.054712808594893844
1747.0 0.05418534660965059
1748.0 0.05365748883708253
1749.0 0.05312923576051242
1750.0 0.05260058786326302
1751.0 0.05219438753135801
1752.0 0.05178671192631523
1753.0 0.05137756223693244
1754.0 0.0509669396520074
1755.0 0.050554845360337886
1756.0 0.05019515241576851
1757.0 0.04983291665026476
1758.0 0.04946814000259809
1759.0 0.049100824411540026
1760.0 0.04873097181586207
1761.0 0.04844592858306884
1762.0 0.04815807814618908
1763.0 0.04786742250570114
1764.0 0.04757396366208336
1765.0 0.0472777036158141
1766.0 0.0469742306354558
1767.0 0.04666804597438746
1768.0 0.04635915157603953
1769.0 0.04604754938384252
1770.0 0.04573324134122691
1771.0 0.04544113642721448
1772.0 0.045147248607373354
1773.0 0.044851579435224755
1774.0 0.044554130464289875
1775.0 0.04425490324808987
1776.0 0.04391528144019966
1777.0 0.04357460260954973
1778.0 0.043232867748369014
1779.0 0.04289007784888645
1780.0 0.042546233903330934
1781.0 0.04220290967751989
1782.0 0.041859426315560826
1783.0 0.04151578408160064
1784.0 0.041171983239786165
1785.0 0.04082802405426429
1786.0 0.040439434814232844
1787.0 0.04005148584932646
1788.0 0.03966417681049873
1789.0 0.03927750734870329
1790.0 0.03889147711489371
1791.0 0.03850256282640741
1792.0 0.0381149362156561
1793.0 0.037728596455634304
1794.0 0.037343542719336556
1795.0 0.03695977417975741
1796.0 0.036529948019754246
1797.0 0.0361022248521349
1798.0 0.03567660324943878
1799.0 0.03525308178420534
1800.0 0.034831659028973984
1801.0 0.03443795932916479
1802.0 0.03404607863494162
1803.0 0.033656020199400324
1804.0 0.033267787275636715
1805.0 0.03288138311674662
1806.0 0.032459502441207586
1807.0 0.03204002023257181
1808.0 0.03162294062022526
1809.0 0.031208267733553938
1810.0 0.0307960057019438
1811.0 0.030384602781456656
1812.0 0.02997573867753431
1813.0 0.02956941783261311
1814.0 0.02916564468912942
1815.0 0.02876442368951961
1816.0 0.028347057579968995
1817.0 0.02793252383098152
1818.0 0.02752082731833232
1819.0 0.027111972917796545
1820.0 0.026705965505149323
1821.0 0.026302679569578685
1822.0 0.025902225047222577
1823.0 0.025504606905044174
1824.0 0.02510983011000665
1825.0 0.02471789962907317
1826.0 0.02430818111425515
1827.0 0.023901607215206858
1828.0 0.023498183369604398
1829.0 0.023097915015123937
1830.0 0.022700807589441586
1831.0 0.022370365979965653
1832.0 0.022042150490759204
1833.0 0.021716165135845063
1834.0 0.021392413929246085
1835.0 0.021070900884985148
1836.0 0.020962678255819465
1837.0 0.0208538646192994
1838.0 0.020744459249875717
1839.0 0.020634461421999165
1840.0 0.02052387041012058
1841.0 0.020666022252990936
1842.0 0.020804678875613578
1843.0 0.02093983453999521
1844.0 0.021071483508142586
1845.0 0.021199620042062446
1846.0 0.021372482078373715
1847.0 0.02154119650489654
1848.0 0.02170575652147168
1849.0 0.0218661553279399
1850.0 0.02202238612414195
1851.0 0.02212266155582971
1852.0 0.022219927326861413
1853.0 0.02231417891848768
1854.0 0.02240541181195916
1855.0 0.02249362148852644
1856.0 0.0225059187870443
1857.0 0.022516109754582965
1858.0 0.02252419132318773
1859.0 0.022530160424903935
1860.0 0.02253401399177688
1861.0 0.022491030862201514
1862.0 0.0224468225245536
1863.0 0.02240138723846256
1864.0 0.022354723263557825
1865.0 0.022306828859468806
1866.0 0.02221428282762377
1867.0 0.022121040159803193
1868.0 0.022027099975394485
1869.0 0.02193246139378508
1870.0 0.02183712353436238
1871.0 0.021720536334410106
1872.0 0.021603693755421982
1873.0 0.02148659560581342
1874.0 0.021369241693999858
1875.0 0.021251631828396723
1876.0 0.021104325157985195
1877.0 0.02095711815623857
1878.0 0.02081001121219082
1879.0 0.02066300471487592
1880.0 0.020516099053327855
1881.0 0.020355152494620343
1882.0 0.020194580948204748
1883.0 0.020034385257390874
1884.0 0.01987456626548851
1885.0 0.019715124815807446
1886.0 0.01953364359986337
1887.0 0.019352807970713697
1888.0 0.019172619213780506
1889.0 0.018993078614485882
1890.0 0.01881418745825192
1891.0 0.01862295619448404
1892.0 0.01843257254510214
1893.0 0.018243038148740013
1894.0 0.018054354644031496
1895.0 0.01786652366961041
1896.0 0.017661277868569
1897.0 0.017457102058615396
1898.0 0.017253998239186864
1899.0 0.01705196840972073
1900.0 0.016851014569654252
1901.0 0.01664581812978486
1902.0 0.01644176311876794
1903.0 0.016238851679893106
1904.0 0.016037085956449964
1905.0 0.015836468091728135
1906.0 0.01562535640756301
1907.0 0.015415532377279497
1908.0 0.015206998375341193
1909.0 0.014999756776211707
1910.0 0.014793809954354654
1911.0 0.014595381092984845
1912.0 0.014398158355724089
1913.0 0.014202144001320784
1914.0 0.014007340288523327
1915.0 0.013813749476080113
1916.0 0.0136442434804496
1917.0 0.01347568920845668
1918.0 0.013308088460443792
1919.0 0.013141443036753369
1920.0 0.012975754737727859
1921.0 0.012869826240903378
1922.0 0.012764189617634987
1923.0 0.012658845527590997
1924.0 0.012553794630439702
1925.0 0.012449037585849443
1926.0 0.012413804337133362
1927.0 0.012378060999703186
1928.0 0.012341806830721235
1929.0 0.012305041087349807
1930.0 0.012267763026751241
1931.0 0.01227912839616594
1932.0 0.012289508172464646
1933.0 0.012298900759840277
1934.0 0.01230730456248574
1935.0 0.012314717984593947
1936.0 0.01232674314433436
1937.0 0.012337709251113884
1938.0 0.012347614594288249
1939.0 0.012356457463213172
1940.0 0.012364236147244379
1941.0 0.012359593800757398
1942.0 0.012354126025025816
1943.0 0.01234783150230603
1944.0 0.012340708914854448
1945.0 0.012332756944927463
1946.0 0.012300454590744286
1947.0 0.012267597423193156
1948.0 0.012234184613497711
1949.0 0.012200215332881584
1950.0 0.012165688752568396
1951.0 0.01210963707739505
1952.0 0.012053340034515017
1953.0 0.011996797339385828
1954.0 0.011940008707464995
1955.0 0.011882973854210036
1956.0 0.011803214593306055
1957.0 0.01172347908176893
1958.0 0.011643767501220084
1959.0 0.011564080033280914
1960.0 0.01148441685957284
1961.0 0.011387388220226698
1962.0 0.011290633175909528
1963.0 0.011194152337947235
1964.0 0.011097946317665726
1965.0 0.011002015726390896
1966.0 0.010885126747816082
1967.0 0.010768773763875673
1968.0 0.010652957834244595
1969.0 0.010537680018597773
1970.0 0.010422941376610125
1971.0 0.010292306364671043
1972.0 0.010162421549549739
1973.0 0.010033288365614039
1974.0 0.009904908247231763
1975.0 0.009777282628770728
1976.0 0.009631377953800247
1977.0 0.009486467040874988
1978.0 0.009342551734306934
1979.0 0.009199633878408083
1980.0 0.00905771531749042
1981.0 0.008903283004084283
1982.0 0.008749999464321707
1983.0 0.008597866813853598
1984.0 0.008446887168330862
1985.0 0.00829706264340439
1986.0 0.008134504251516019
1987.0 0.007973280229207149
1988.0 0.00781339299577588
1989.0 0.007654844970520332
1990.0 0.007497638572738606
1991.0 0.007333939774334415
1992.0 0.007171641104240703
1993.0 0.007010745099834113
1994.0 0.006851254298491284
1995.0 0.006693171237588853
1996.0 0.0065281093327723356
1997.0 0.006364567727418553
1998.0 0.0062025491454349956
1999.0 0.006042056310729168
2000.0 0.0058830919472085625
2001.0 0.005723365075346841
2002.0 0.005565165933385841
2003.0 0.0054084948885374465
2004.0 0.005253352308013546
2005.0 0.0050997385590260255
2006.0 0.004938193142777092
2007.0 0.004778298729406479
2008.0 0.00462005571518161
2009.0 0.004463464496369906
2010.0 0.00430852546923879
2011.0 0.004153906424046626
2012.0 0.004000891544510125
2013.0 0.0038494812430715573
2014.0 0.003699675932173195
2015.0 0.0035514760242573167
2016.0 0.0034255055999111044
2017.0 0.0033008727762567185
2018.0 0.0031775778969272746
2019.0 0.00305562130555589
2020.0 0.002935003345775702
2021.0 0.0028690703297234808
2022.0 0.0028037383178518365
2023.0 0.002739007475336852
2024.0 0.0026748779673546044
2025.0 0.0026113499590812036
2026.0 0.002610467603449515
2027.0 0.0026093674730352807
2028.0 0.002608049509228613
2029.0 0.0026065136534196252
2030.0 0.002604759846998451
2031.0 0.0026409416409249858
2032.0 0.002676434765945717
2033.0 0.002711239023141025
2034.0 0.002745354213591294
2035.0 0.0027787801383769087
2036.0 0.0028172528382096546
2037.0 0.0028549590377216125
2038.0 0.0028918985157156984
2039.0 0.0029280710509948307
2040.0 0.002963476422361919
2041.0 0.0029865111049793332
2042.0 0.0030089867010682646
2043.0 0.003030903041302721
2044.0 0.0030522599563567172
2045.0 0.0030730572769042553
2046.0 0.003074863814368929
2047.0 0.0030763605640676873
2048.0 0.003077547432892204
2049.0 0.0030784243277341603
2050.0 0.0030789911554852203
2051.0 0.0030631208444466163
2052.0 0.003047189531411358
2053.0 0.003031197195581637
2054.0 0.0030151438161596417
2055.0 0.0029990293723475545
2056.0 0.0029680657640175703
2057.0 0.00293724257438507
2058.0 0.002906559857378046
2059.0 0.0028760176669244877
2060.0 0.0028456160569523855
2061.0 0.0028047584823600634
2062.0 0.002764190005345889
2063.0 0.0027239107265964327
2064.0 0.002683920746798267
2065.0 0.0026442201666379587
2066.0 0.002595595762249749
2067.0 0.002547387709888637
2068.0 0.0024995961536898046
2069.0 0.0024522212377884327
2070.0 0.0024052631063197017
2071.0 0.0023519083469335693
2072.0 0.0022990511321112194
2073.0 0.0022466916047175975
2074.0 0.0021948299076176496
2075.0 0.002143466183676319
2076.0 0.002085765200096685
2077.0 0.002028657371250471
2078.0 0.0019721428670594304
2079.0 0.0019162218574453188
2080.0 0.0018608945123298874
2081.0 0.0018009222052123614
2082.0 0.0017415975506310953
2083.0 0.0016829207430088511
2084.0 0.0016248919767683923
2085.0 0.0015675114463324779
2086.0 0.001506413377422534
2087.0 0.0014460261982351728
2088.0 0.001386350121793492
2089.0 0.0013273853611205882
2090.0 0.0012691321292395599
2091.0 0.001211482977921798
2092.0 0.0011545006190917632
2093.0 0.0010981852611738902
2094.0 0.0010425371125926137
2095.0 0.000987556381772369
2096.0 0.0009386226225552534
2097.0 0.000890280727302195
2098.0 0.0008425308807788869
2099.0 0.0007953732677510221
2100.0 0.0007488080729842997
2101.0 0.0007156087737520809
2102.0 0.0006828016501828712
2103.0 0.0006503867942744986
2104.0 0.0006183642980247912
2105.0 0.0005867342534315843
2106.0 0.0005715428823424617
2107.0 0.0005565103657823789
2108.0 0.0005416367410644456
2109.0 0.0005269220455017698
2110.0 0.0005123663164074675
2111.0 0.0005132969197740169
2112.0 0.0005141641389227572
2113.0 0.0005149679581619244
2114.0 0.0005157083617997554
2115.0 0.0005163853341444905
2116.0 0.0005265528791130828
2117.0 0.0005365183541030914
2118.0 0.0005462817088131496
2119.0 0.0005558428929418905
2120.0 0.0005652018561879495
2121.0 0.0005777907572595168
2122.0 0.0005901439695351004
2123.0 0.0006022614308358205
2124.0 0.0006141430789827977
2125.0 0.000625788851797151
2126.0 0.0006354255367257577
2127.0 0.0006448523184912532
2128.0 0.0006540691418139687
2129.0 0.0006630759514142351
2130.0 0.0006718726920123814
2131.0 0.000676158455167948
2132.0 0.0006803157675867144
2133.0 0.0006843445937646089
2134.0 0.0006882448981975602
2135.0 0.0006920166453814938
2136.0 0.0006897610451502835
2137.0 0.0006874634975915985
2138.0 0.000685123991302409
2139.0 0.0006827425148796846
2140.0 0.0006803190569203932
2141.0 0.0006724755323106905
2142.0 0.0006646745752033748
2143.0 0.000656916198346405
2144.0 0.0006492004144877404
2145.0 0.0006415272363753378
2146.0 0.0006287871303493946
2147.0 0.0006161642613050748
2148.0 0.0006036586638345372
2149.0 0.0005912703725299411
2150.0 0.0005789994219834439
2151.0 0.0005632388201363654
2152.0 0.0005476396462505464
2153.0 0.000532201956714731
2154.0 0.0005169258079176639
2155.0 0.0005018112562480868
2156.0 0.0004843447583361491
2157.0 0.000467075798666107
2158.0 0.0004500044460570219
2159.0 0.0004331307693279554
2160.0 0.00041645483729796866
2161.0 0.00039946661604848524
2162.0 0.0003826758131671566
2163.0 0.00036608249952630215
2164.0 0.00034968674599824103
2165.0 0.000333488623455293
2166.0 0.00031895749721797673
2167.0 0.0003046026894298949
2168.0 0.0002904242632974931
2169.0 0.0002764222820272166
2170.0 0.0002625968088255128
2171.0 0.00025272603869137274
2172.0 0.00024296809639777473
2173.0 0.00023332302378086932
2174.0 0.00022379086267680697
2175.0 0.00021437165492174096
2176.0 0.00021047395826726556
2177.0 0.00020661013745998152
2178.0 0.00020278020513661462
2179.0 0.00019898417393389076
2180.0 0.0001952220564885387
2181.0 0.00019787939786879486
2182.0 0.00020048133516415627
2183.0 0.00020302784750906536
2184.0 0.00020551891403796442
2185.0 0.00020795451388529868
2186.0 0.00021621374138452887
2187.0 0.00022433339542596824
2188.0 0.00023231342333063777
2189.0 0.0002401537724195585
2190.0 0.0002478543900137536
2191.0 0.0002599666082157867
2192.0 0.0002718910535732735
2193.0 0.00028362765310965674
2194.0 0.00029517633384837973
2195.0 0.0003065370228128861
2196.0 0.0003201397080225046
2197.0 0.0003335200235080525
2198.0 0.00034667788297539575
2199.0 0.00035961320013040037
2200.0 0.00037232588867893243
2201.0 0.0003843280136362422
2202.0 0.00039613244044616044
2203.0 0.00040773909888330764
2204.0 0.00041914791872230524
2205.0 0.0004303588297377735
2206.0 0.0004405444854246473
2207.0 0.00045054373615659177
2208.0 0.00046035651585206276
2209.0 0.0004699827584295163
2210.0 0.0004794223978074077
2211.0 0.0004873591090883668
2212.0 0.0004951494766517652
2213.0 0.0005027934472230208
2214.0 0.0005102909675275512
2215.0 0.0005176419842907726
2216.0 0.0005227599957705993
2217.0 0.0005277598081500665
2218.0 0.0005326413785388775
2219.0 0.0005374046640467357
2220.0 0.0005420496217833434
2221.0 0.0005445827669777359
2222.0 0.0005470356970820429
2223.0 0.0005494083823956265
2224.0 0.0005517007932178497
2225.0 0.0005539128998480732
2226.0 0.0005537594178086447
2227.0 0.0005535565501266607
2228.0 0.0005533042786842338
2229.0 0.0005530025853634768
2230.0 0.0005526514520465012
2231.0 0.0005504556392928042
2232.0 0.0005482430004807634
2233.0 0.0005460135294878004
2234.0 0.0005437672201913376
2235.0 0.0005415040664687958
2236.0 0.0005371885631141464
2237.0 0.0005328827296280211
2238.0 0.0005285865700638719
2239.0 0.0005243000884751505
2240.0 0.000520023288915308
2241.0 0.0005141792809122655
2242.0 0.0005083671726493965
2243.0 0.0005025869769810047
2244.0 0.0004968387067613931
2245.0 0.0004911223748448641
2246.0 0.0004837852922125646
2247.0 0.0004765013637576854
2248.0 0.00046927061064355166
2249.0 0.00046209305403348814
2250.0 0.00045496871509081955
2251.0 0.00044679558658170356
2252.0 0.0004386880691849047
2253.0 0.0004306461882943221
2254.0 0.00042266996930385547
2255.0 0.0004147594376074036
2256.0 0.0004057767819497973
2257.0 0.00039687431705494905
2258.0 0.0003880520738435684
2259.0 0.00037931008323636485
2260.0 0.0003706483761540473
2261.0 0.0003614566981044663
2262.0 0.00035234665294216953
2263.0 0.0003433182728642918
2264.0 0.00033437159006796853
2265.0 0.0003255066367503349
2266.0 0.00031615398412280875
2267.0 0.00030688998144067945
2268.0 0.00029771466358323163
2269.0 0.00028862806542975024
2270.0 0.0002796302218595198
2271.0 0.00027071341762461193
2272.0 0.0002618773110556179
2273.0 0.000253121924992096
2274.0 0.0002444472822736048
2275.0 0.00023585340573970248
2276.0 0.00022750132626746123
2277.0 0.00021922824384768225
2278.0 0.00021103418080858135
2279.0 0.00020291915947837457
2280.0 0.0001948832021852783
2281.0 0.00018763529489560564
2282.0 0.00018044955504906607
2283.0 0.00017332599759836914
2284.0 0.00016626463749622435
2285.0 0.00015926548969534166
2286.0 0.000153254945672067
2287.0 0.0001472972198426781
2288.0 0.0001413923249005898
2289.0 0.00013554027353921704
2290.0 0.0001297410784519752
2291.0 0.00012528696902023605
2292.0 0.00012086907386214616
2293.0 0.0001164874020423121
2294.0 0.00011214196262534042
2295.0 0.00010783276467583821
2296.0 0.00010497403515578311
2297.0 0.0001021378708925037
2298.0 9.93242775352689e-05
2299.0 9.653326073334772e-05
2300.0 9.376482613600981e-05
2301.0 9.249164037646597e-05
2302.0 9.122608250934915e-05
2303.0 8.996815442405479e-05
2304.0 8.871785800997829e-05
2305.0 8.747519515651574e-05
2306.0 8.760324098065895e-05
2307.0 8.772630399110561e-05
2308.0 8.784438298187438e-05
2309.0 8.795747674698396e-05
2310.0 8.806558408045354e-05
2311.0 8.928570804885084e-05
2312.0 9.049112585630036e-05
2313.0 9.168183377036536e-05
2314.0 9.285782805860923e-05
2315.0 9.401910498859563e-05
2316.0 9.591871991951442e-05
2317.0 9.779662833772622e-05
2318.0 9.965282473218147e-05
2319.0 0.00010148730359183075
2320.0 0.00010330005940562471
2321.0 0.00010552925268489007
2322.0 0.00010773389971247968
2323.0 0.00010991399407043247
2324.0 0.00011206952934078746
2325.0 0.00011420049910558356
2326.0 0.00011640749325934721
2327.0 0.00011858897410999103
2328.0 0.00012074493499449399
2329.0 0.0001228753692498351
2330.0 0.00012498027021299335
2331.0 0.00012691367258377875
2332.0 0.00012882345859473065
2333.0 0.00013070962188299593
2334.0 0.0001325721560857217
2335.0 0.00013441105484005461
2336.0 0.00013587253251850945
2337.0 0.00013731375181316694
2338.0 0.00013873470727771922
2339.0 0.0001401353934658583
2340.0 0.00014151580493127605
2341.0 0.000142409991455367
2342.0 0.00014328839291121625
2343.0 0.00014415100496711298
2344.0 0.00014499782329134632
2345.0 0.0001458288435522051
2346.0 0.00014611780443909484
2347.0 0.00014639628269109338
2348.0 0.00014666427544810754
2349.0 0.0001469217798500441
2350.0 0.0001471687930368097
2351.0 0.0001468698320156736
2352.0 0.00014656606063601636
2353.0 0.00014625747754904456
2354.0 0.0001459440814059649
2355.0 0.00014562587085798366
2356.0 0.0001447791955516144
2357.0 0.00014393323526106457
2358.0 0.00014308799023541457
2359.0 0.00014224346072374468
2360.0 0.00014139964697513496
2361.0 0.00014009414686228284
2362.0 0.00013879441118678506
2363.0 0.0001375004416875346
2364.0 0.00013621224010342418
2365.0 0.00013492980817334652
2366.0 0.00013325451770972047
2367.0 0.0001315894014584448
2368.0 0.00012993446245153635
2369.0 0.00012828970372101196
2370.0 0.00012665512829888845
2371.0 0.00012473354745018428
2372.0 0.00012282546133352012
2373.0 0.00012093087344521493
2374.0 0.0001190497872815877
2375.0 0.00011718220633895725
2376.0 0.00011512305849934023
2377.0 0.00011307978449218949
2378.0 0.000111052388419753
2379.0 0.00010904087438427869
2380.0 0.00010704524648801436
2381.0 0.00010498939668458211
2382.0 0.00010295014100872861
2383.0 0.00010092748260046991
2384.0 9.892142459982245e-05
2385.0 9.693197014680241e-05
2386.0 9.498557804153926e-05
2387.0 9.305548008220886e-05
2388.0 9.114167934940728e-05
2389.0 8.924417892373064e-05
2390.0 8.736298188577505e-05
2391.0 8.565789658027667e-05
2392.0 8.396686214953262e-05
2393.0 8.228988135472619e-05
2394.0 8.062695695704091e-05
2395.0 7.897809171766031e-05
2396.0 7.758789896417033e-05
2397.0 7.620877806218968e-05
2398.0 7.484073118795085e-05
2399.0 7.348376051768625e-05
2400.0 7.213786822762854e-05
2401.0 7.115903700039915e-05
2402.0 7.018670638522547e-05
2403.0 6.922087781651912e-05
2404.0 6.826155272869177e-05
2405.0 6.730873255615511e-05
2406.0 6.675364607802859e-05
2407.0 6.620029378478714e-05
2408.0 6.564867606819256e-05
2409.0 6.509879332000668e-05
2410.0 6.455064593199157e-05
2411.0 6.442919706176517e-05
2412.0 6.430440591863566e-05
2413.0 6.417627176125432e-05
2414.0 6.404479384827254e-05
2415.0 6.39099714383418e-05
2416.0 6.417140388751435e-05
2417.0 6.442446379593036e-05
2418.0 6.466914928817256e-05
2419.0 6.490545848882358e-05
2420.0 6.513338952246635e-05
2421.0 6.573058242924118e-05
2422.0 6.631548905416741e-05
2423.0 6.688810657391412e-05
2424.0 6.744843216515048e-05
2425.0 6.799646300454572e-05
2426.0 6.881551405044675e-05
2427.0 6.961867012703416e-05
2428.0 7.040592758146219e-05
2429.0 7.117728276088514e-05
2430.0 7.193273201245739e-05
2431.0 7.29121903581137e-05
2432.0 7.387468073343368e-05
2433.0 7.482019912887088e-05
2434.0 7.574874153487877e-05
2435.0 7.666030394191097e-05
2436.0 7.766632207687549e-05
2437.0 7.865397250847778e-05
2438.0 7.962325090010018e-05
2439.0 8.057415291512503e-05
2440.0 8.150667421693471e-05
2441.0 8.246269480079109e-05
2442.0 8.340051331444501e-05
2443.0 8.432012534781995e-05
2444.0 8.522152649083956e-05
2445.0 8.610471233342734e-05
2446.0 8.69219177715441e-05
2447.0 8.77215117891213e-05
2448.0 8.850349012507796e-05
2449.0 8.926784851833293e-05
2450.0 9.001458270780522e-05
2451.0 9.068141284795632e-05
2452.0 9.133342353286701e-05
2453.0 9.197061171454543e-05
2454.0 9.259297434499975e-05
2455.0 9.320050837623805e-05
2456.0 9.363814905798406e-05
2457.0 9.406290312819209e-05
2458.0 9.447476794130453e-05
2459.0 9.487374085176368e-05
2460.0 9.525981921401182e-05
2461.0 9.548964207459966e-05
2462.0 9.570972246023244e-05
2463.0 9.592005831334549e-05
2464.0 9.612064757637445e-05
2465.0 9.631148819175463e-05
2466.0 9.628502143734798e-05
2467.0 9.625138549077924e-05
2468.0 9.6210578844311e-05
2469.0 9.616259999020591e-05
2470.0 9.610744742072657e-05
2471.0 9.58593354158249e-05
2472.0 9.560705450815364e-05
2473.0 9.535060379015732e-05
2474.0 9.508998235428057e-05
2475.0 9.482518929296778e-05
2476.0 9.433724153839126e-05
2477.0 9.384787844707e-05
2478.0 9.335709972412664e-05
2479.0 9.286490507468383e-05
2480.0 9.23712942038641e-05
2481.0 9.171332078863901e-05
2482.0 9.105654029710956e-05
2483.0 9.040095314113438e-05
2484.0 8.974655973257219e-05
2485.0 8.909336048328149e-05
2486.0 8.824063518603358e-05
2487.0 8.739157988524916e-05
2488.0 8.654619577124506e-05
2489.0 8.570448403433798e-05
2490.0 8.48664458648447e-05
2491.0 8.388270166875606e-05
2492.0 8.290458525693483e-05
2493.0 8.193209845867864e-05
2494.0 8.096524310328516e-05
2495.0 8.000402102005197e-05
2496.0 7.888376329454976e-05
2497.0 7.777116335774783e-05
2498.0 7.666622368291156e-05
2499.0 7.556894674330637e-05
2500.0 7.447933501219757e-05
2501.0 7.33160227609419e-05
2502.0 7.216130472428902e-05
2503.0 7.101518358877638e-05
2504.0 6.987766204094134e-05
2505.0 6.874874276732128e-05
2506.0 6.752503732230707e-05
2507.0 6.631124319701081e-05
2508.0 6.510736348070934e-05
2509.0 6.391340126267955e-05
2510.0 6.272935963219824e-05
2511.0 6.151234344399422e-05
2512.0 6.030532508905036e-05
2513.0 5.910830772589464e-05
2514.0 5.792129451305502e-05
2515.0 5.674428860905947e-05
2516.0 5.5528110843155415e-05
2517.0 5.432255136249078e-05
2518.0 5.3127613514948264e-05
2519.0 5.1943300648410776e-05
2520.0 5.076961611076105e-05
2521.0 4.960570620621515e-05
2522.0 4.84520299971292e-05
2523.0 4.730859075388712e-05
2524.0 4.61753917468728e-05
2525.0 4.5052436246470204e-05
2526.0 4.395113399242574e-05
2527.0 4.285994131424067e-05
2528.0 4.177886143773355e-05
2529.0 4.0707897588722954e-05
2530.0 3.964705299302748e-05
2531.0 3.8666253322658374e-05
2532.0 3.769389549568673e-05
2533.0 3.672998223733627e-05
2534.0 3.577451627283069e-05
2535.0 3.482750032739374e-05
2536.0 3.395630665340596e-05
2537.0 3.309279446597708e-05
2538.0 3.223696624212213e-05
2539.0 3.138882445885612e-05
2540.0 3.054837159319412e-05
2541.0 2.980877689099255e-05
2542.0 2.9075736260782026e-05
2543.0 2.834925184417421e-05
2544.0 2.762932578278074e-05
2545.0 2.691596021821332e-05
2546.0 2.6320206169017438e-05
2547.0 2.57296715785281e-05
2548.0 2.514435815180746e-05
2549.0 2.4564267593917677e-05
2550.0 2.3989401609920995e-05
2551.0 2.3557883205408966e-05
2552.0 2.3129691268192317e-05
2553.0 2.270482687081697e-05
2554.0 2.2283291085828814e-05
2555.0 2.1865084985773815e-05
2556.0 2.1580453793296587e-05
2557.0 2.1297636780808123e-05
2558.0 2.10166345362309e-05
2559.0 2.073744764748741e-05
2560.0 2.0460076702500187e-05
2561.0 2.0320579691313806e-05
2562.0 2.0181332345585004e-05
2563.0 2.004233475388854e-05
2564.0 1.9903587004799195e-05
2565.0 1.9765089186891777e-05
2566.0 1.974830301113759e-05
2567.0 1.97303484329349e-05
2568.0 1.9711225083584436e-05
2569.0 1.9690932594386915e-05
2570.0 1.9669470596643116e-05
2571.0 1.9763501887243347e-05
2572.0 1.9855243108407017e-05
2573.0 1.994469352161918e-05
2574.0 2.0031852388364897e-05
2575.0 2.0116718970129256e-05
2576.0 2.0289300946021665e-05
2577.0 2.0458554957355138e-05
2578.0 2.0624479928976295e-05
2579.0 2.0787074785731728e-05
2580.0 2.0946338452468074e-05
2581.0 2.1180262747446976e-05
2582.0 2.141030958366896e-05
2583.0 2.1636477693832706e-05
2584.0 2.185876581063692e-05
2585.0 2.2077172666780304e-05
2586.0 2.2340880743204645e-05
2587.0 2.26001459472415e-05
2588.0 2.2854966827866927e-05
2589.0 2.310534193405702e-05
2590.0 2.3351269814787853e-05
2591.0 2.3630659776689377e-05
2592.0 2.3905564467650802e-05
2593.0 2.4175982412258106e-05
2594.0 2.4441912135097296e-05
2595.0 2.4703352160754368e-05
2596.0 2.497070712325778e-05
2597.0 2.523345203210572e-05
2598.0 2.5491585373063472e-05
2599.0 2.5745105631896322e-05
2600.0 2.5994011294369562e-05
2601.0 2.6242786270481134e-05
2602.0 2.6487311540889063e-05
2603.0 2.6727585749193703e-05
2604.0 2.6963607538995494e-05
2605.0 2.7195375553894796e-05
2606.0 2.7403434886251385e-05
2607.0 2.7607454882436604e-05
2608.0 2.7807434255779055e-05
2609.0 2.8003371719607375e-05
2610.0 2.8195265987250153e-05
2611.0 2.8364700732567286e-05
2612.0 2.8530678221380295e-05
2613.0 2.8693197342082008e-05
2614.0 2.8852256983065278e-05
2615.0 2.9007856032722906e-05
2616.0 2.9122681468974038e-05
2617.0 2.9234455312771713e-05
2618.0 2.9343176585839345e-05
2619.0 2.9448844309900335e-05
2620.0 2.9551457506678086e-05
2621.0 2.9620487507200073e-05
2622.0 2.9687130068391403e-05
2623.0 2.9751384421296005e-05
2624.0 2.9813249796957798e-05
2625.0 2.9872725426420714e-05
2626.0 2.9883890571308215e-05
2627.0 2.9893161262285447e-05
2628.0 2.9900536892531093e-05
2629.0 2.9906016855223883e-05
2630.0 2.9909600543542485e-05
2631.0 2.9872905511156876e-05
2632.0 2.9834913505547163e-05
2633.0 2.9795624166351195e-05
2634.0 2.9755037133206804e-05
2635.0 2.971315204575181e-05
2636.0 2.9623279060796963e-05
2637.0 2.9532613507428248e-05
2638.0 2.9441155169097065e-05
2639.0 2.9348903829254804e-05
2640.0 2.925585927135287e-05
2641.0 2.9126144276377963e-05
2642.0 2.899616055678478e-05
2643.0 2.8865908052295275e-05
2644.0 2.873538670263146e-05
2645.0 2.8604596447515254e-05
2646.0 2.8430822079469836e-05
2647.0 2.8257240043280284e-05
2648.0 2.8083850392788348e-05
2649.0 2.7910653181835793e-05
2650.0 2.7737648464264388e-05
2651.0 2.7540934569256382e-05
2652.0 2.734478636521523e-05
2653.0 2.714920400238396e-05
2654.0 2.6954187631005615e-05
2655.0 2.675973740132321e-05
2656.0 2.6530495711581804e-05
2657.0 2.630218260416519e-05
2658.0 2.60747983215971e-05
2659.0 2.584834310640123e-05
2660.0 2.5622817201101286e-05
2661.0 2.5375672567075458e-05
2662.0 2.5129703723195632e-05
2663.0 2.4884910979876e-05
2664.0 2.4641294647530763e-05
2665.0 2.439885503657412e-05
2666.0 2.4132049570972305e-05
2667.0 2.386668050037647e-05
2668.0 2.3602748202290673e-05
2669.0 2.3340253054219008e-05
2670.0 2.3079195433665538e-05
2671.0 2.281139040087764e-05
2672.0 2.2545066925426933e-05
2673.0 2.2280225399611414e-05
2674.0 2.201686621572908e-05
2675.0 2.1754989766077923e-05
2676.0 2.148006488928326e-05
2677.0 2.1206762850694482e-05
2678.0 2.0935084079007332e-05
2679.0 2.0665029002917577e-05
2680.0 2.0396598051120974e-05
2681.0 2.012849754059686e-05
2682.0 1.9861978616355383e-05
2683.0 1.959704169965922e-05
2684.0 1.9333687211771076e-05
2685.0 1.9071915573953646e-05
2686.0 1.8808764042748997e-05
2687.0 1.8547223770456053e-05
2688.0 1.828729518559905e-05
2689.0 1.8028978716702227e-05
2690.0 1.7772274792289826e-05
2691.0 1.7528442488862482e-05
2692.0 1.7286034949679158e-05
2693.0 1.704505256034993e-05
2694.0 1.6805495706484845e-05
2695.0 1.6567364773693977e-05
2696.0 1.6338543651479413e-05
2697.0 1.6111080261756024e-05
2698.0 1.5884974971662045e-05
2699.0 1.5660228148335702e-05
2700.0 1.543684015891525e-05
2701.0 1.5235023823711029e-05
2702.0 1.5034315115906649e-05
2703.0 1.4834714325009542e-05
2704.0 1.4636221740527144e-05
2705.0 1.4438837651966895e-05
2706.0 1.4259393080462004e-05
2707.0 1.4080921048940871e-05
2708.0 1.3903421811590868e-05
2709.0 1.3726895622599368e-05
2710.0 1.3551342736153771e-05
2711.0 1.3402474246690497e-05
2712.0 1.325433103810589e-05
2713.0 1.3106913303794069e-05
2714.0 1.2960221237149168e-05
2715.0 1.2814255031565322e-05
2716.0 1.2691605979972892e-05
2717.0 1.2569511700791403e-05
2718.0 1.2447972342280756e-05
2719.0 1.2326988052700856e-05
2720.0 1.220655898031162e-05
2721.0 1.2116181636396001e-05
2722.0 1.2026130498758184e-05
2723.0 1.1936405656137966e-05
2724.0 1.1847007197275165e-05
2725.0 1.17579352109096e-05
2726.0 1.1693505650166969e-05
2727.0 1.1629233669505242e-05
2728.0 1.1565119312726632e-05
2729.0 1.150116262363335e-05
2730.0 1.1437363646027618e-05
2731.0 1.1402849548411444e-05
2732.0 1.1368326454802093e-05
2733.0 1.1333794364465814e-05
2734.0 1.129925327666886e-05
2735.0 1.1264703190677498e-05
2736.0 1.125249240208674e-05
2737.0 1.1240133292320375e-05
2738.0 1.1227625823223492e-05
2739.0 1.1214969956641205e-05
2740.0 1.1202165654418623e-05
2741.0 1.1212948488253459e-05
2742.0 1.1223483722455052e-05
2743.0 1.1233771291362955e-05
2744.0 1.1243811129316741e-05
2745.0 1.1253603170655977e-05
2746.0 1.1280435769693486e-05
2747.0 1.1306920630527909e-05
2748.0 1.1333057660425774e-05
2749.0 1.1358846766653616e-05
2750.0 1.138428785647797e-05
2751.0 1.1425891122288793e-05
2752.0 1.1467101563614885e-05
2753.0 1.150791907556866e-05
2754.0 1.1548343553262524e-05
2755.0 1.158837489180889e-05
2756.0 1.1638473712306709e-05
2757.0 1.1688122169125879e-05
2758.0 1.1737320141952878e-05
2759.0 1.178606751047419e-05
2760.0 1.1834364154376301e-05
2761.0 1.1891553276726743e-05
2762.0 1.1948291157248369e-05
2763.0 1.2004577674102334e-05
2764.0 1.206041270544979e-05
2765.0 1.2115796129451895e-05
2766.0 1.2174037668192966e-05
2767.0 1.2231810224658077e-05
2768.0 1.2289113672330086e-05
2769.0 1.2345947884691868e-05
2770.0 1.240231273522629e-05
2771.0 1.2461825115772726e-05
2772.0 1.2520920860072349e-05
2773.0 1.2579599854472945e-05
2774.0 1.2637861985322316e-05
2775.0 1.2695707138968237e-05
2776.0 1.2750045731844659e-05
2777.0 1.2803981691589026e-05
2778.0 1.2857514908571573e-05
2779.0 1.2910645273162528e-05
2780.0 1.2963372675732118e-05
2781.0 1.3012645041356497e-05
2782.0 1.3061576501507979e-05
2783.0 1.3110166963205278e-05
2784.0 1.3158416333467108e-05
2785.0 1.320632451931216e-05
2786.0 1.324573596419486e-05
2787.0 1.3284841861177578e-05
2788.0 1.3323642127191257e-05
2789.0 1.336213667916681e-05
2790.0 1.340032543403517e-05
2791.0 1.3428702518301101e-05
2792.0 1.3456822838171808e-05
2793.0 1.3484686334807177e-05
2794.0 1.3512292949367096e-05
2795.0 1.3539642623011442e-05
2796.0 1.3555265425930268e-05
2797.0 1.3570681961518286e-05
2798.0 1.3585892182775495e-05
2799.0 1.3600896042701905e-05
2800.0 1.3615693494297511e-05
2801.0 1.3619450870515174e-05
2802.0 1.3623066139153444e-05
2803.0 1.3626539268509213e-05
2804.0 1.3629870226879365e-05
2805.0 1.3633058982560794e-05
2806.0 1.3622936211640662e-05
2807.0 1.3612727577168799e-05
2808.0 1.3602433060418619e-05
2809.0 1.359205264266352e-05
2810.0 1.358158630517691e-05
2811.0 1.355899951626148e-05
2812.0 1.3536386299101203e-05
2813.0 1.3513746648557578e-05
2814.0 1.3491080559492106e-05
2815.0 1.3468388026766279e-05
2816.0 1.3432336267247116e-05
2817.0 1.3396313656202578e-05
2818.0 1.3360320201415244e-05
2819.0 1.3324355910667691e-05
2820.0 1.3288420791742493e-05
2821.0 1.3241067729320542e-05
2822.0 1.3193793830986453e-05
2823.0 1.3146599116409242e-05
2824.0 1.3099483605257896e-05
2825.0 1.3052447317201422e-05
2826.0 1.2993334948179568e-05
2827.0 1.2934350985828163e-05
2828.0 1.2875495461405997e-05
2829.0 1.2816768406171886e-05
2830.0 1.2758169851384623e-05
2831.0 1.2689961536852183e-05
2832.0 1.2621917755908909e-05
2833.0 1.2554038548531241e-05
2834.0 1.248632395469562e-05
2835.0 1.2418774014378468e-05
2836.0 1.2341399695442003e-05
2837.0 1.226422906661091e-05
2838.0 1.2187262177101035e-05
2839.0 1.211049907612822e-05
2840.0 1.2033939812908307e-05
2841.0 1.1951752703594616e-05
2842.0 1.1869776248758976e-05
2843.0 1.1788010500096004e-05
2844.0 1.1706455509300329e-05
2845.0 1.162511132806657e-05
2846.0 1.1537180892708874e-05
2847.0 1.144948538109097e-05
2848.0 1.1362024850701918e-05
2849.0 1.127479935903077e-05
2850.0 1.1187808963566583e-05
2851.0 1.1098574250541744e-05
2852.0 1.1009559804444098e-05
2853.0 1.0920765679676952e-05
2854.0 1.0832191930643583e-05
2855.0 1.0743838611747287e-05
2856.0 1.0652601399411208e-05
2857.0 1.0561594439700489e-05
2858.0 1.0470817789385374e-05
2859.0 1.0380271505236088e-05
2860.0 1.0289955644022877e-05
2861.0 1.0201074048318642e-05
2862.0 1.011239332161752e-05
2863.0 1.0023913514250478e-05
2864.0 9.935634676548483e-06
2865.0 9.847556858842494e-06
2866.0 9.760645153317831e-06
2867.0 9.673931932723354e-06
2868.0 9.587417246737622e-06
2869.0 9.50110114503919e-06
2870.0 9.414983677306619e-06
2871.0 9.339843841970791e-06
2872.0 9.264779870123915e-06
2873.0 9.18979178240587e-06
2874.0 9.114879599456539e-06
2875.0 9.040043341915794e-06
2876.0 8.97043939400474e-06
2877.0 8.900905733915068e-06
2878.0 8.831442380761615e-06
2879.0 8.762049353659204e-06
2880.0 8.692726671722677e-06
2881.0 8.632223243292682e-06
2882.0 8.571759776913308e-06
2883.0 8.51133628435535e-06
2884.0 8.450952777389601e-06
2885.0 8.39060926778685e-06
2886.0 8.339180102346174e-06
2887.0 8.287784674483146e-06
2888.0 8.23642299414666e-06
2889.0 8.185095071285604e-06
2890.0 8.133800915848884e-06
2891.0 8.094928789927417e-06
2892.0 8.056065038115827e-06
2893.0 8.017209663922601e-06
2894.0 7.978362670856222e-06
2895.0 7.939524062425176e-06
2896.0 7.912447377243054e-06
2897.0 7.885376407259758e-06
2898.0 7.858311154896486e-06
2899.0 7.831251622574427e-06
2900.0 7.804197812714788e-06
2901.0 7.793058037934015e-06
2902.0 7.781910774414043e-06
2903.0 7.770756020812865e-06
2904.0 7.759593775788496e-06
2905.0 7.748424037998939e-06
2906.0 7.750663446980146e-06
2907.0 7.752903114380827e-06
2908.0 7.755143040200982e-06
2909.0 7.75738322444061e-06
2910.0 7.759623667099723e-06
2911.0 7.774585472219337e-06
2912.0 7.789551790542262e-06
2913.0 7.804522622600944e-06
2914.0 7.81949796892783e-06
2915.0 7.83447783005537e-06
2916.0 7.863046897142935e-06
2917.0 7.891624849736161e-06
2918.0 7.920211688894528e-06
2919.0 7.948807415677516e-06
2920.0 7.977412031144607e-06
2921.0 8.018362779858222e-06
2922.0 8.059318748310077e-06
2923.0 8.100279936190069e-06
2924.0 8.141246343188108e-06
2925.0 8.182217968994102e-06
2926.0 8.235442971916862e-06
2927.0 8.288674779536483e-06
2928.0 8.341913391448975e-06
2929.0 8.395158807250333e-06
2930.0 8.44841102653656e-06
2931.0 8.51207383339503e-06
2932.0 8.575734164478502e-06
2933.0 8.639392016708893e-06
2934.0 8.703047387008115e-06
2935.0 8.766700272298087e-06
2936.0 8.84001557931002e-06
2937.0 8.913328039194332e-06
2938.0 8.986637648406734e-06
2939.0 9.059944403402936e-06
2940.0 9.133248300638645e-06
2941.0 9.213279559784593e-06
2942.0 9.29328443162922e-06
2943.0 9.373262907973939e-06
2944.0 9.453214980620163e-06
2945.0 9.533140641369314e-06
2946.0 9.619181804890303e-06
2947.0 9.705194570798242e-06
2948.0 9.791178930276128e-06
2949.0 9.87713487450698e-06
2950.0 9.963062394673796e-06
2951.0 1.00512301700374e-05
2952.0 1.013932946327884e-05
2953.0 1.0227360258972148e-05
2954.0 1.0315322541691369e-05
2955.0 1.0403216296010535e-05
2956.0 1.0493570127928543e-05
2957.0 1.0583853525750708e-05
2958.0 1.0674066473625603e-05
2959.0 1.0764208955701797e-05
2960.0 1.085428095612786e-05
2961.0 1.0943617906016826e-05
2962.0 1.1032859685049086e-05
2963.0 1.1122006272376805e-05
2964.0 1.1211057647152146e-05
2965.0 1.1300013788527286e-05
2966.0 1.138781231725281e-05
2967.0 1.147551663257608e-05
2968.0 1.1563126713883617e-05
2969.0 1.165064254056196e-05
2970.0 1.1738064091997624e-05
2971.0 1.1821413192176694e-05
2972.0 1.1904650477536804e-05
2973.0 1.1987775924003821e-05
2974.0 1.2070789507503635e-05
2975.0 1.2153691203962117e-05
2976.0 1.2232301541725506e-05
2977.0 1.2310805078050306e-05
2978.0 1.2389201789977287e-05
2979.0 1.2467491654547206e-05
2980.0 1.2545674648800822e-05
2981.0 1.2614531605622634e-05
2982.0 1.2683241162388608e-05
2983.0 1.275180328792019e-05
2984.0 1.2820217951038831e-05
2985.0 1.2888485120565976e-05
2986.0 1.2949929403056729e-05
2987.0 1.3011238320984466e-05
2988.0 1.3072411845776271e-05
2989.0 1.3133449948859212e-05
2990.0 1.3194352601660353e-05
2991.0 1.3246668126880718e-05
2992.0 1.3298854102685182e-05
2993.0 1.3350910501898375e-05
2994.0 1.3402837297344935e-05
2995.0 1.3454634461849483e-05
2996.0 1.3497884731881833e-05
2997.0 1.3541021892713197e-05
2998.0 1.3584045920692707e-05
2999.0 1.3626956792169463e-05
