1150.0 0.03884944585930172
1151.0 0.03901556524204026
1152.0 0.039182057627728216
1153.0 0.03934892344040164
1154.0 0.03951616310429767
1155.0 0.03968377704385448
1156.0 0.03985176568371127
1157.0 0.04002012944870833
1158.0 0.040188868763886984
1159.0 0.04035798405448958
1160.0 0.04052747574595962
1161.0 0.04089640842980843
1162.0 0.041267725611219094
1163.0 0.04164143682972697
1164.0 0.04201755164183404
1165.0 0.04239607962100902
1166.0 0.04277703035768723
1167.0 0.043160413459270706
1168.0 0.043546238550128145
1169.0 0.04393451527159492
1170.0 0.04432525328197306
1171.0 0.044778468830649516
1172.0 0.04523491740031755
1173.0 0.04569461300673078
1174.0 0.04615756969180316
1175.0 0.0466238015236092
1176.0 0.04709332259638362
1177.0 0.04756614703052167
1178.0 0.04804228897257887
1179.0 0.048521762595271176
1180.0 0.049004582097474964
1181.0 0.04949537019422145
1182.0 0.04998958027936803
1183.0 0.050487226847623995
1184.0 0.05098832442025692
1185.0 0.05149288754509271
1186.0 0.05200093079651562
1187.0 0.052512468775468175
1188.0 0.05302751610945124
1189.0 0.053546087452524024
1190.0 0.054068197485304025
1191.0 0.05460240066709076
1192.0 0.05514026558608192
1193.0 0.05568180745929937
1194.0 0.056227041531198646
1195.0 0.05677598307366916
1196.0 0.057328647386033944
1197.0 0.05788504979504983
1198.0 0.058445205654907295
1199.0 0.05900913034723072
1200.0 0.0595768392810781
1201.0 0.06034133730739604
1202.0 0.06111298976247645
1203.0 0.06189183992544494
1204.0 0.06267793120224353
1205.0 0.06347130712563116
1206.0 0.06427201135518319
1207.0 0.06508008767729168
1208.0 0.06589558000516535
1209.0 0.06671853237882949
1210.0 0.06754898896512607
1211.0 0.06824810964970682
1212.0 0.06895245295898948
1213.0 0.0696620440388245
1214.0 0.07037690809386245
1215.0 0.0710970703875541
1216.0 0.0718225562421503
1217.0 0.0725533910387021
1218.0 0.07328960021706069
1219.0 0.07403120927587743
1220.0 0.07477824377260375
1221.0 0.07527429964259419
1222.0 0.07577229241839374
1223.0 0.07627222596044828
1224.0 0.07677410413240791
1225.0 0.07727793080112706
1226.0 0.07778370983666424
1227.0 0.07829144511228223
1228.0 0.07880114050444798
1229.0 0.07931279989283267
1230.0 0.07982642716031177
1231.0 0.08033109448555174
1232.0 0.0808376244016071
1233.0 0.08134602039777522
1234.0 0.08185628596606975
1235.0 0.0823684246012207
1236.0 0.08288243980067411
1237.0 0.08339833506459246
1238.0 0.08391611389585434
1239.0 0.08443577980005476
1240.0 0.08495733628550482
1241.0 0.08546543359334934
1242.0 0.08597527203987214
1243.0 0.08648685457773184
1244.0 0.08700018416164632
1245.0 0.08751526374839293
1246.0 0.08803209629680814
1247.0 0.08855068476778785
1248.0 0.08907103212428728
1249.0 0.0895931413313209
1250.0 0.09011701535596257
1251.0 0.09064589924659865
1252.0 0.09117647001990815
1253.0 0.0917087301878058
1254.0 0.09224268226371232
1255.0 0.09277832876255492
1256.0 0.09331567220076671
1257.0 0.09385471509628701
1258.0 0.09439545996856134
1259.0 0.09493790933854138
1260.0 0.09548206572868496
1261.0 0.09602360395024881
1262.0 0.09656682287446364
1263.0 0.09711172501711095
1264.0 0.09765831289550707
1265.0 0.09820658902850364
1266.0 0.09875655593648716
1267.0 0.09930821614137927
1268.0 0.09986157216663669
1269.0 0.10041662653725116
1270.0 0.10097338177974947
1271.0 0.10153036796259847
1272.0 0.10208905848445732
1273.0 0.10264945597055655
1274.0 0.10321156304780471
1275.0 0.10377538234478827
1276.0 0.10434091649177143
1277.0 0.10490816812069634
1278.0 0.10547713986518314
1279.0 0.10604783436052968
1280.0 0.1066202542437118
1281.0 0.10719622564430119
1282.0 0.10777395784855028
1283.0 0.10835345369675715
1284.0 0.10893471603116364
1285.0 0.10951774769595554
1286.0 0.1101025515372624
1287.0 0.11068913040315767
1288.0 0.1112774871436587
1289.0 0.11186762461072654
1290.0 0.11245954565826626
1291.0 0.11305860524287115
1292.0 0.11365951607462742
1293.0 0.11426228131114038
1294.0 0.11486690411235782
1295.0 0.11547338764057008
1296.0 0.1160817350604098
1297.0 0.11669194953885205
1298.0 0.11730403424521445
1299.0 0.11791799235115705
1300.0 0.11853382703068223
1301.0 0.11920959049448153
1302.0 0.11988755069463032
1303.0 0.12056771167070883
1304.0 0.12125007746559052
1305.0 0.12193465212544244
1306.0 0.12262143969972454
1307.0 0.1233104442411903
1308.0 0.12400166980588641
1309.0 0.1246951204531529
1310.0 0.12539080024562302
1311.0 0.12610281552541014
1312.0 0.12681721506239788
1313.0 0.12753400351968136
1314.0 0.1282531855644963
1315.0 0.12897476586821874
1316.0 0.12969874910636459
1317.0 0.13042513995858998
1318.0 0.13115394310869166
1319.0 0.13188516324460614
1320.0 0.13261880505841042
1321.0 0.13337391187910358
1322.0 0.13413163991411348
1323.0 0.1348919945997796
1324.0 0.13565498137765977
1325.0 0.13642060569453007
1326.0 0.137188873002385
1327.0 0.1379597887584372
1328.0 0.13873335842511783
1329.0 0.13950958747007622
1330.0 0.14028848136618025
1331.0 0.1410150629812721
1332.0 0.14174380951019744
1333.0 0.14247472469922878
1334.0 0.14320781229757715
1335.0 0.14394307605739265
1336.0 0.14468051973376367
1337.0 0.1454201470847174
1338.0 0.14616196187121985
1339.0 0.14690596785717552
1340.0 0.1476521688094276
1341.0 0.14827654423914347
1342.0 0.14890207584416026
1343.0 0.14952876451802427
1344.0 0.15015661115455076
1345.0 0.15078561664782453
1346.0 0.1514157818921993
1347.0 0.15204710778229838
1348.0 0.1526795952130141
1349.0 0.1533132450795081
1350.0 0.15394805827721128
1351.0 0.15437760920567375
1352.0 0.15480779572791048
1353.0 0.15523861824129903
1354.0 0.1556700771433137
1355.0 0.15610217283152605
1356.0 0.15653490570360423
1357.0 0.1569682761573135
1358.0 0.157402284590516
1359.0 0.1578369314011706
1360.0 0.15827221698733335
1361.0 0.1586967391398818
1362.0 0.15912185199677178
1363.0 0.15954755590276645
1364.0 0.15997385120270716
1365.0 0.16040073824151396
1366.0 0.1608282173641849
1367.0 0.16125628891579658
1368.0 0.1616849532415041
1369.0 0.16211421068654056
1370.0 0.16254406159621765
1371.0 0.1629594625494816
1372.0 0.16337539237101867
1373.0 0.1637918513280107
1374.0 0.1642088396876912
1375.0 0.1646263577173462
1376.0 0.16504440568431272
1377.0 0.16546298385598002
1378.0 0.16588209249978902
1379.0 0.16630173188323266
1380.0 0.16672190227385533
1381.0 0.1671196807419932
1382.0 0.16751789134045617
1383.0 0.16791653421435138
1384.0 0.16831560950880364
1385.0 0.1687151173689558
1386.0 0.1691150579399683
1387.0 0.16951543136701933
1388.0 0.16991623779530496
1389.0 0.170317477370039
1390.0 0.17071915023645293
1391.0 0.17111034961642618
1392.0 0.17150194157881152
1393.0 0.17189392624094393
1394.0 0.17228630372017098
1395.0 0.17267907413385336
1396.0 0.17307223759936388
1397.0 0.17346579423408848
1398.0 0.17385974415542568
1399.0 0.17425408748078683
1400.0 0.17464882432759585
1401.0 0.17496763749520752
1402.0 0.17528676642701999
1403.0 0.17560621126294612
1404.0 0.175925972142923
1405.0 0.17624604920691292
1406.0 0.17656644259490226
1407.0 0.17688715244690228
1408.0 0.17720817890294863
1409.0 0.17752952210310174
1410.0 0.17785118218744667
1411.0 0.17816236284490122
1412.0 0.1784738303234025
1413.0 0.17878558474046172
1414.0 0.17909762621360903
1415.0 0.17940995486039404
1416.0 0.17972257079838505
1417.0 0.18003547414516952
1418.0 0.1803486650183542
1419.0 0.1806621435355646
1420.0 0.18097590981444564
1421.0 0.18127922807857472
1422.0 0.18158280494421425
1423.0 0.18188664050866823
1424.0 0.18219073486925513
1425.0 0.18249508812330834
1426.0 0.18279970036817525
1427.0 0.18310457170121783
1428.0 0.18340970221981281
1429.0 0.18371509202135108
1430.0 0.18402074120323816
1431.0 0.18431799513914354
1432.0 0.1846154862826117
1433.0 0.18491321471877634
1434.0 0.18521118053278338
1435.0 0.18550938380979096
1436.0 0.18580782463496925
1437.0 0.18610650309350074
1438.0 0.18640541927058005
1439.0 0.18670457325141396
1440.0 0.1870039651212214
1441.0 0.1872965014987433
1442.0 0.18758925851369135
1443.0 0.18788223624391476
1444.0 0.18817543476727389
1445.0 0.1884688541616401
1446.0 0.18876249450489596
1447.0 0.18905635587493505
1448.0 0.18935043834966206
1449.0 0.1896447420069929
1450.0 0.18993926692485452
1451.0 0.19014272663510512
1452.0 0.19034628037149753
1453.0 0.190549928142846
1454.0 0.19075366995796506
1455.0 0.19095750582566973
1456.0 0.19116143575477512
1457.0 0.19136545975409677
1458.0 0.19156957783245038
1459.0 0.191773789998652
1460.0 0.19197809626151793
1461.0 0.19217398699961008
1462.0 0.192369957878904
1463.0 0.19256600890550304
1464.0 0.19276214008551065
1465.0 0.1929583514250305
1466.0 0.19315464293016626
1467.0 0.19335101460702184
1468.0 0.19354746646170146
1469.0 0.19374399850030913
1470.0 0.19394061072894933
1471.0 0.19412872769976236
1472.0 0.19431691101118156
1473.0 0.19450516066688503
1474.0 0.19469347667055084
1475.0 0.19488185902585725
1476.0 0.19507030773648248
1477.0 0.19525882280610476
1478.0 0.1954474042384026
1479.0 0.19563605203705442
1480.0 0.1958247662057387
1481.0 0.1960055046949216
1482.0 0.19618629694161116
1483.0 0.19636714294788635
1484.0 0.19654804271582593
1485.0 0.19672899624750906
1486.0 0.19691000354501456
1487.0 0.19709106461042147
1488.0 0.1972721794458089
1489.0 0.1974533480532559
1490.0 0.19763457043484148
1491.0 0.1978079733712381
1492.0 0.19798141798149385
1493.0 0.198154904266503
1494.0 0.19832843222716004
1495.0 0.1985020018643596
1496.0 0.19867561317899593
1497.0 0.1988492661719636
1498.0 0.19902296084415697
1499.0 0.1991966971964705
1500.0 0.1993704752297987
1501.0 0.19948321777914305
1502.0 0.19959598368765133
1503.0 0.1997087729567827
1504.0 0.19982158558799615
1505.0 0.19993442158275102
1506.0 0.2000472809425065
1507.0 0.20016016366872183
1508.0 0.20027306976285622
1509.0 0.20038599922636893
1510.0 0.20049895206071955
1511.0 0.20060439464811536
1512.0 0.20070985351628223
1513.0 0.2008153286659808
1514.0 0.20092082009797152
1515.0 0.20102632781301513
1516.0 0.20113185181187215
1517.0 0.20123739209530317
1518.0 0.2013429486640689
1519.0 0.20144852151892992
1520.0 0.20155411066064705
1521.0 0.20165241626505243
1522.0 0.20175073146834446
1523.0 0.20184905627081812
1524.0 0.2019473906727679
1525.0 0.2020457346744889
1526.0 0.20214408827627572
1527.0 0.20224245147842332
1528.0 0.20234082428122643
1529.0 0.20243920668498
1530.0 0.20253759868997875
1531.0 0.20262925483928318
1532.0 0.20272091458131966
1533.0 0.20281257791614832
1534.0 0.20290424484382902
1535.0 0.20299591536442232
1536.0 0.20308758947798822
1537.0 0.20317926718458676
1538.0 0.20327094848427826
1539.0 0.2033626333771228
1540.0 0.20345432186318055
1541.0 0.20343700358701533
1542.0 0.20341962265600863
1543.0 0.2034021791046173
1544.0 0.203384672967296
1545.0 0.20336710427849788
1546.0 0.20334947307267373
1547.0 0.2033317793842724
1548.0 0.2033140232477409
1549.0 0.20329620469752427
1550.0 0.20327832376806537
1551.0 0.20311349816509425
1552.0 0.20294871396096703
1553.0 0.20278397118684688
1554.0 0.202619269873891
1555.0 0.20245461005325127
1556.0 0.2022899917560731
1557.0 0.20212541501349618
1558.0 0.20196087985665453
1559.0 0.20179638631667607
1560.0 0.20163193442468288
1561.0 0.2014711871942495
1562.0 0.2013104834116008
1563.0 0.20114982310345675
1564.0 0.2009892062965287
1565.0 0.20082863301752005
1566.0 0.20066810329312487
1567.0 0.20050761715002893
1568.0 0.2003471746149097
1569.0 0.20018677571443574
1570.0 0.20002642047526736
1571.0 0.19987118188087313
1572.0 0.19971598706429491
1573.0 0.19956083604840816
1574.0 0.19940572885607807
1575.0 0.19925066551015938
1576.0 0.19909564603349644
1577.0 0.19894067044892344
1578.0 0.19878573877926378
1579.0 0.19863085104733122
1580.0 0.19847600727592832
1581.0 0.19832763415979363
1582.0 0.19817930354830612
1583.0 0.1980310154611321
1584.0 0.19788276991792614
1585.0 0.1977345669383322
1586.0 0.1975864065419822
1587.0 0.19743828874849714
1588.0 0.19729021357748655
1589.0 0.1971421810485489
1590.0 0.19699419118127096
1591.0 0.19685392291014292
1592.0 0.1967136944035272
1593.0 0.1965735056785326
1594.0 0.19643335675225618
1595.0 0.19629324764178388
1596.0 0.19615317836418972
1597.0 0.19601314893653657
1598.0 0.19587315937587593
1599.0 0.19573320969924737
1600.0 0.1955932999236795
1601.0 0.19545009733208335
1602.0 0.1953069389096292
1603.0 0.19516382467266788
1604.0 0.19502075463753715
1605.0 0.19487772882056215
1606.0 0.1947347472380543
1607.0 0.1945918099063123
1608.0 0.19444891684162177
1609.0 0.1943060680602551
1610.0 0.1941632635784718
1611.0 0.19401615476287282
1612.0 0.19386909519528592
1613.0 0.19372208489141332
1614.0 0.1935751238669426
1615.0 0.19342821213754643
1616.0 0.1932813497188826
1617.0 0.19313453662659405
1618.0 0.1929877728763089
1619.0 0.19284105848364036
1620.0 0.19269439346418687
1621.0 0.19254596285934564
1622.0 0.1923975844714998
1623.0 0.19224925831559006
1624.0 0.19210098440654136
1625.0 0.19195276275926246
1626.0 0.19180459338864614
1627.0 0.19165647630956928
1628.0 0.19150841153689274
1629.0 0.19136039908546135
1630.0 0.1912124389701038
1631.0 0.19106307004131898
1632.0 0.19091375582644457
1633.0 0.19076449633973994
1634.0 0.19061529159544752
1635.0 0.19046614160779293
1636.0 0.19031704639098473
1637.0 0.19016800595921438
1638.0 0.19001902032665655
1639.0 0.18987008950746892
1640.0 0.18972121351579235
1641.0 0.18957142217471556
1642.0 0.1894216874363914
1643.0 0.18927200931448881
1644.0 0.18912238782265922
1645.0 0.1889728229745366
1646.0 0.18882331478373687
1647.0 0.18867386326385854
1648.0 0.18852446842848236
1649.0 0.18837513029117142
1650.0 0.18822584886547117
1651.0 0.1880882971852723
1652.0 0.18795076298309915
1653.0 0.18781324632446197
1654.0 0.18767574727482614
1655.0 0.1875382658996122
1656.0 0.18740080226419553
1657.0 0.18726335643390699
1658.0 0.18712592847403203
1659.0 0.1869885184498116
1660.0 0.1868511264264414
1661.0 0.18671391545812144
1662.0 0.18657672327910452
1663.0 0.18643954995429726
1664.0 0.1863023955485605
1665.0 0.1861652601267097
1666.0 0.1860281437535143
1667.0 0.18589104649369845
1668.0 0.1857539684119404
1669.0 0.18561690957287297
1670.0 0.18547987004108313
1671.0 0.18534333826647734
1672.0 0.1852068261643522
1673.0 0.18507033379889848
1674.0 0.18493386123426125
1675.0 0.1847974085345398
1676.0 0.184660975763787
1677.0 0.1845245629860104
1678.0 0.18438817026517126
1679.0 0.18425179766518515
1680.0 0.18411544524992182
1681.0 0.18397984513987653
1682.0 0.18384426521485633
1683.0 0.18370870553826288
1684.0 0.18357316617345182
1685.0 0.18343764718373343
1686.0 0.18330214863237182
1687.0 0.18316667058258576
1688.0 0.18303121309754783
1689.0 0.1828957762403852
1690.0 0.18276036007417906
1691.0 0.18262612121751
1692.0 0.1824919025644272
1693.0 0.18235770417738517
1694.0 0.1822235261187933
1695.0 0.18208936845101586
1696.0 0.18195523123637178
1697.0 0.18182111453713506
1698.0 0.18168701841553453
1699.0 0.18155294293375387
1700.0 0.18141888815393167
1701.0 0.18132188746767552
1702.0 0.1812248826495354
1703.0 0.18112787374441766
1704.0 0.18103086079720673
1705.0 0.18093384385276506
1706.0 0.18083682295593304
1707.0 0.18073979815152902
1708.0 0.1806427694843494
1709.0 0.18054573699916834
1710.0 0.18044870074073832
1711.0 0.18035192434851968
1712.0 0.18025514360583292
1713.0 0.18015835855718437
1714.0 0.18006156924705902
1715.0 0.17996477571992037
1716.0 0.1798679780202104
1717.0 0.17977117619234967
1718.0 0.1796743702807372
1719.0 0.17957756032975064
1720.0 0.179480746383746
1721.0 0.1793844383257449
1722.0 0.17928812547645018
1723.0 0.1791918078798274
1724.0 0.17909548557982186
1725.0 0.1789991586203578
1726.0 0.1789028270453388
1727.0 0.17880649089864775
1728.0 0.17871015022414663
1729.0 0.17861380506567676
1730.0 0.17851745546705877
1731.0 0.17842200509592585
1732.0 0.17832654916554067
1733.0 0.17823108771910962
1734.0 0.17813562079981887
1735.0 0.17804014845083507
1736.0 0.1779446707153049
1737.0 0.17784918763635515
1738.0 0.17775369925709292
1739.0 0.17765820562060547
1740.0 0.17756270676996017
1741.0 0.1774680754046665
1742.0 0.17737343765108912
1743.0 0.177278793551663
1744.0 0.17718414314880415
1745.0 0.17708948648490985
1746.0 0.17699482360235808
1747.0 0.1769001545435085
1748.0 0.17680547935070154
1749.0 0.17671079806625886
1750.0 0.17661611073248315
1751.0 0.17649817821399907
1752.0 0.17638027731936798
1753.0 0.17626240806122123
1754.0 0.17614457045218124
1755.0 0.1760267645048616
1756.0 0.17590899023186674
1757.0 0.17579124764579226
1758.0 0.17567353675922492
1759.0 0.1755558575847422
1760.0 0.17543821013491304
1761.0 0.17532206237234632
1762.0 0.17520594421109278
1763.0 0.17508985566378332
1764.0 0.17497379674303995
1765.0 0.17485776746147694
1766.0 0.17474176783169978
1767.0 0.17462579786630586
1768.0 0.1745098575778842
1769.0 0.17439394697901534
1770.0 0.17427806608227167
1771.0 0.17414888255845792
1772.0 0.17401974106221293
1773.0 0.1738906416062883
1774.0 0.1737615842034238
1775.0 0.17363256886634743
1776.0 0.17350359560777534
1777.0 0.1733746644404118
1778.0 0.17324577537694957
1779.0 0.17311692843006926
1780.0 0.17298812361243998
1781.0 0.1728592153736376
1782.0 0.17273034878056287
1783.0 0.1726015238460126
1784.0 0.172472740582772
1785.0 0.17234399900361483
1786.0 0.17221529912130304
1787.0 0.17208664094858714
1788.0 0.17195802449820602
1789.0 0.1718294497828869
1790.0 0.1717009168153453
1791.0 0.17157457929912942
1792.0 0.17144828063237058
1793.0 0.17132202082795134
1794.0 0.17119579989874373
1795.0 0.1710696178576091
1796.0 0.1709434747173981
1797.0 0.1708173704909505
1798.0 0.17069130519109554
1799.0 0.17056527883065156
1800.0 0.17043929142242642
1801.0 0.17052221508671755
1802.0 0.17060508039118144
1803.0 0.17068788722983455
1804.0 0.17077063549665236
1805.0 0.1708533250855692
1806.0 0.1709359558904782
1807.0 0.17101852780523166
1808.0 0.17110104072364046
1809.0 0.17118349453947468
1810.0 0.17126588914646307
1811.0 0.17135060592079057
1812.0 0.17143526110912172
1813.0 0.17151985459846839
1814.0 0.1716043862757983
1815.0 0.17168885602803532
1816.0 0.171773263742059
1817.0 0.17185760930470506
1818.0 0.17194189260276516
1819.0 0.17202611352298666
1820.0 0.17211027195207312
1821.0 0.17219634587267738
1822.0 0.1722823549494734
1823.0 0.17236829906291654
1824.0 0.17245417809341523
1825.0 0.17253999192133135
1826.0 0.17262574042697965
1827.0 0.17271142349062849
1828.0 0.172797040992499
1829.0 0.17288259281276597
1830.0 0.17296807883155704
1831.0 0.1730557899950273
1832.0 0.17314343312366076
1833.0 0.17323100809096306
1834.0 0.17331851477039042
1835.0 0.17340595303534928
1836.0 0.17349332275919618
1837.0 0.1735806238152381
1838.0 0.17366785607673232
1839.0 0.17375501941688626
1840.0 0.17384211370885777
1841.0 0.17393099283926003
1842.0 0.17401980067345205
1843.0 0.17410853707848212
1844.0 0.17419720192134602
1845.0 0.17428579506898706
1846.0 0.17437431638829629
1847.0 0.1744627657461122
1848.0 0.17455114300922106
1849.0 0.17463944804435663
1850.0 0.17472768071820025
1851.0 0.17480381624146762
1852.0 0.17487987635826732
1853.0 0.1749558609477718
1854.0 0.17503176988910787
1855.0 0.17510760306135675
1856.0 0.17518336034355386
1857.0 0.175259041614689
1858.0 0.17533464675370627
1859.0 0.1754101756395042
1860.0 0.17548562815093569
1861.0 0.17556317422946416
1862.0 0.17564064183280975
1863.0 0.1757180308339149
1864.0 0.17579534110567396
1865.0 0.17587257252093294
1866.0 0.1759497249524897
1867.0 0.17602679827309378
1868.0 0.1761037923554465
1869.0 0.17618070707220093
1870.0 0.1762575422959618
1871.0 0.17633637071701386
1872.0 0.17641511765973236
1873.0 0.17649378299102955
1874.0 0.17657236657776673
1875.0 0.1766508682867549
1876.0 0.17672928798475385
1877.0 0.176807625538473
1878.0 0.17688588081457068
1879.0 0.17696405367965476
1880.0 0.1770421440002823
1881.0 0.17712216557650237
1882.0 0.17720210262119188
1883.0 0.17728195499520893
1884.0 0.17736172255935867
1885.0 0.17744140517439305
1886.0 0.17752100270101054
1887.0 0.17760051499985668
1888.0 0.17767994193152342
1889.0 0.1777592833565498
1890.0 0.1778385391354215
1891.0 0.17791952085760182
1892.0 0.1780004150775324
1893.0 0.17808122165042883
1894.0 0.1781619404314516
1895.0 0.17824257127570547
1896.0 0.17832311403823972
1897.0 0.17840356857404807
1898.0 0.17848393473806873
1899.0 0.17856421238518438
1900.0 0.17864440137022208
1901.0 0.17872614749200183
1902.0 0.17880780310394173
1903.0 0.1788893680558003
1904.0 0.17897084219727832
1905.0 0.17905222537801876
1906.0 0.17913351744760694
1907.0 0.17921471825557042
1908.0 0.17929582765137908
1909.0 0.1793768454844449
1910.0 0.1794577716041224
1911.0 0.17954025763305423
1912.0 0.1796226502512313
1913.0 0.17970494930313036
1914.0 0.17978715463316802
1915.0 0.17986926608570136
1916.0 0.17995128350502723
1917.0 0.1800332067353828
1918.0 0.18011503562094558
1919.0 0.18019677000583276
1920.0 0.18027840973410222
1921.0 0.18036147322511661
1922.0 0.18044444045302516
1923.0 0.18052731125732133
1924.0 0.18061008547743687
1925.0 0.18069276295274134
1926.0 0.1807753435225429
1927.0 0.18085782702608755
1928.0 0.1809402133025597
1929.0 0.18102250219108176
1930.0 0.18110469353071434
1931.0 0.18118803097935288
1932.0 0.18127126930123072
1933.0 0.181354408331289
1934.0 0.18143744790440527
1935.0 0.18152038785539357
1936.0 0.18160322801900414
1937.0 0.18168596822992383
1938.0 0.18176860832277575
1939.0 0.18185114813211947
1940.0 0.18193358749245103
1941.0 0.18201717488884955
1942.0 0.1821006604343275
1943.0 0.1821840439595307
1944.0 0.18226732529503978
1945.0 0.18235050427137006
1946.0 0.18243358071897176
1947.0 0.18251655446822954
1948.0 0.18259942534946313
1949.0 0.1826821931929268
1950.0 0.1827648578288097
1951.0 0.18286878872328458
1952.0 0.18297262981419
1953.0 0.18307638088695855
1954.0 0.18318004172689512
1955.0 0.18328361211917782
1956.0 0.18338709184885776
1957.0 0.18349048070085888
1958.0 0.1835937784599781
1959.0 0.18369698491088507
1960.0 0.18380009983812262
1961.0 0.18390411193568118
1962.0 0.18400803136123384
1963.0 0.18411185789539983
1964.0 0.18421559131866871
1965.0 0.18431923141140016
1966.0 0.18442277795382409
1967.0 0.18452623072604074
1968.0 0.1846295895080203
1969.0 0.18473285407960333
1970.0 0.18483602422050058
1971.0 0.18494016614406503
1972.0 0.18504421262029566
1973.0 0.18514816342508442
1974.0 0.18525201833419072
1975.0 0.1853557771232413
1976.0 0.18545943956773076
1977.0 0.18556300544302104
1978.0 0.1856664745243416
1979.0 0.18576984658678947
1980.0 0.1858731214053293
1981.0 0.18597701322226623
1982.0 0.18608080683374234
1983.0 0.18618450201179265
1984.0 0.18628809852831799
1985.0 0.18639159615508433
1986.0 0.18649499466372374
1987.0 0.18659829382573354
1988.0 0.18670149341247685
1989.0 0.18680459319518233
1990.0 0.18690759294494413
1991.0 0.18701120953092099
1992.0 0.18711472509670746
1993.0 0.1872181394104209
1994.0 0.18732145224004224
1995.0 0.187424663353416
1996.0 0.1875277725182506
1997.0 0.18763077950211798
1998.0 0.18773368407245378
1999.0 0.187836485996557
2000.0 0.18793918504159055
2001.0 0.187874502940522
2002.0 0.187809768885867
2003.0 0.18774498286357078
2004.0 0.18768014485957715
2005.0 0.18761525485982813
2006.0 0.18755031285026452
2007.0 0.18748531881682562
2008.0 0.18742027274544915
2009.0 0.18735517462207132
2010.0 0.18729002443262702
2011.0 0.1872264082951259
2012.0 0.1871627385421345
2013.0 0.18709901515839966
2014.0 0.1870352381286666
2015.0 0.1869714074376787
2016.0 0.18690752307017802
2017.0 0.18684358501090448
2018.0 0.18677959324459642
2019.0 0.18671554775599056
2020.0 0.18665144852982188
2021.0 0.18658887640853383
2022.0 0.18652624899775577
2023.0 0.1864635662810051
2024.0 0.18640082824179757
2025.0 0.18633803486364656
2026.0 0.18627518613006402
2027.0 0.18621228202455953
2028.0 0.18614932253064087
2029.0 0.18608630763181383
2030.0 0.18602323731158235
2031.0 0.1859617627662336
2032.0 0.18590023128839375
2033.0 0.18583864286033133
2034.0 0.1857769974643127
2035.0 0.1857152950826018
2036.0 0.18565353569746063
2037.0 0.18559171929114887
2038.0 0.1855298458459239
2039.0 0.1854679153440412
2040.0 0.18540592776775358
2041.0 0.1853453539967821
2042.0 0.18528472183903272
2043.0 0.18522403127565637
2044.0 0.18516328228780157
2045.0 0.18510247485661407
2046.0 0.1850416089632376
2047.0 0.18498068458881317
2048.0 0.18491970171447955
2049.0 0.18485866032137294
2050.0 0.18479756039062717
2051.0 0.18474297234568932
2052.0 0.1846883202879031
2053.0 0.18463360419337801
2054.0 0.18457882403822032
2055.0 0.1845239797985324
2056.0 0.1844690714504132
2057.0 0.1844140989699581
2058.0 0.1843590623332588
2059.0 0.18430396151640335
2060.0 0.18424879649547654
2061.0 0.18419091244028096
2062.0 0.18413296641482801
2063.0 0.18407495839733118
2064.0 0.1840168883660006
2065.0 0.18395875629904326
2066.0 0.18390056217466355
2067.0 0.18384230597106216
2068.0 0.1837839876664371
2069.0 0.18372560723898335
2070.0 0.18366716466689245
2071.0 0.18360301726703177
2072.0 0.18353881251525658
2073.0 0.1834745503940073
2074.0 0.18341023088572245
2075.0 0.1833458539728382
2076.0 0.1832814196377887
2077.0 0.1832169278630059
2078.0 0.18315237863091963
2079.0 0.18308777192395756
2080.0 0.18302310772454516
2081.0 0.18295988256619988
2082.0 0.18289659874998193
2083.0 0.1828332562573137
2084.0 0.1827698550696152
2085.0 0.18270639516830423
2086.0 0.1826428765347961
2087.0 0.1825792991505039
2088.0 0.1825156629968382
2089.0 0.18245196805520728
2090.0 0.18238821430701715
2091.0 0.18232582845911804
2092.0 0.18226338275556875
2093.0 0.18220087717684097
2094.0 0.18213831170340386
2095.0 0.1820756863157238
2096.0 0.18201300099426496
2097.0 0.18195025571948864
2098.0 0.18188745047185373
2099.0 0.18182458523181674
2100.0 0.1817616599798311
2101.0 0.18166767172557124
2102.0 0.18157365471556094
2103.0 0.18147960894700313
2104.0 0.1813855344171007
2105.0 0.1812914311230565
2106.0 0.18119729906207363
2107.0 0.1811031382313548
2108.0 0.181008948628103
2109.0 0.1809147302495213
2110.0 0.1808204830928124
2111.0 0.1807279665251242
2112.0 0.1806354193890927
2113.0 0.1805428416815364
2114.0 0.18045023339927374
2115.0 0.1803575945391231
2116.0 0.1802649250979031
2117.0 0.18017222507243208
2118.0 0.1800794944595286
2119.0 0.179986733256011
2120.0 0.17989394145869778
2121.0 0.17980280702108636
2122.0 0.17971164034482418
2123.0 0.17962044142635
2124.0 0.17952921026210267
2125.0 0.1794379468485211
2126.0 0.17934665118204393
2127.0 0.1792553232591102
2128.0 0.17916396307615867
2129.0 0.1790725706296281
2130.0 0.17898114591595737
2131.0 0.17889126806932015
2132.0 0.17880135644323078
2133.0 0.1787114110337569
2134.0 0.17862143183696635
2135.0 0.17853141884892668
2136.0 0.17844137206570584
2137.0 0.17835129148337142
2138.0 0.17826117709799125
2139.0 0.17817102890563294
2140.0 0.17808084690236425
2141.0 0.17799242311946423
2142.0 0.1779039639430894
2143.0 0.1778154693688917
2144.0 0.17772693939252282
2145.0 0.17763837400963453
2146.0 0.17754977321587867
2147.0 0.177461137006907
2148.0 0.17737246537837129
2149.0 0.1772837583259234
2150.0 0.17719501584521502
2151.0 0.17713474634669138
2152.0 0.17707441388416595
2153.0 0.1770140184354691
2154.0 0.17695355997842824
2155.0 0.17689303849086735
2156.0 0.17683245395060768
2157.0 0.17677180633546694
2158.0 0.17671109562325993
2159.0 0.17665032179179813
2160.0 0.17658948481888992
2161.0 0.1765299290268064
2162.0 0.17647030933741104
2163.0 0.1764106257277273
2164.0 0.1763508781747755
2165.0 0.17629106665557223
2166.0 0.17623119114713137
2167.0 0.17617125162646283
2168.0 0.17611124807057332
2169.0 0.17605118045646653
2170.0 0.1759910487611426
2171.0 0.17593237469881381
2172.0 0.1758736357671528
2173.0 0.17581483194230024
2174.0 0.17575596320039322
2175.0 0.1756970295175652
2176.0 0.17563803086994625
2177.0 0.17557896723366284
2178.0 0.17551983858483788
2179.0 0.17546064489959068
2180.0 0.175401386154037
2181.0 0.17534338157549856
2182.0 0.17528531133238087
2183.0 0.17522717540010058
2184.0 0.17516897375407045
2185.0 0.1751107063696995
2186.0 0.1750523732223933
2187.0 0.17499397428755337
2188.0 0.17493550954057766
2189.0 0.1748769789568604
2190.0 0.17481838251179194
2191.0 0.1747611779239697
2192.0 0.1747039068149501
2193.0 0.1746465691593432
2194.0 0.17458916493175522
2195.0 0.17453169410678812
2196.0 0.17447415665904034
2197.0 0.17441655256310612
2198.0 0.17435888179357592
2199.0 0.17430114432503602
2200.0 0.17424334013206919
2201.0 0.17418283697732875
2202.0 0.17412227007047085
2203.0 0.1740616393887335
2204.0 0.17400094490935183
2205.0 0.17394018660955746
2206.0 0.1738793644665789
2207.0 0.17381847845764112
2208.0 0.17375752855996604
2209.0 0.17369651475077225
2210.0 0.1736354370072748
2211.0 0.1735756460830457
2212.0 0.1735157906370323
2213.0 0.17345587064577053
2214.0 0.17339588608579287
2215.0 0.17333583693362833
2216.0 0.17327572316580267
2217.0 0.1732155447588378
2218.0 0.17315530168925247
2219.0 0.17309499393356198
2220.0 0.17303462146827808
2221.0 0.17297547485919726
2222.0 0.17291626307464197
2223.0 0.17285698609053235
2224.0 0.17279764388278473
2225.0 0.17273823642731195
2226.0 0.1726787637000233
2227.0 0.1726192256768243
2228.0 0.17255962233361696
2229.0 0.17249995364629972
2230.0 0.17244021959076725
2231.0 0.17238184867136816
2232.0 0.17232341186256908
2233.0 0.17226490913959508
2234.0 0.1722063404776679
2235.0 0.1721477058520048
2236.0 0.1720890052378201
2237.0 0.1720302386103236
2238.0 0.17197140594472177
2239.0 0.17191250721621718
2240.0 0.17185354240000844
2241.0 0.17179584124534436
2242.0 0.17173807357777254
2243.0 0.17168023937190335
2244.0 0.1716223386023433
2245.0 0.1715643712436949
2246.0 0.1715063372705568
2247.0 0.17144823665752376
2248.0 0.1713900693791865
2249.0 0.1713318354101318
2250.0 0.17127353472494256
2251.0 0.1711709380653177
2252.0 0.17106831714713794
2253.0 0.17096567198041096
2254.0 0.17086300257514794
2255.0 0.17076030894136418
2256.0 0.17065759108907835
2257.0 0.1705548490283132
2258.0 0.17045208276909476
2259.0 0.1703492923214533
2260.0 0.17024647769542242
2261.0 0.17014496213170044
2262.0 0.1700434213575103
2263.0 0.16994185538287368
2264.0 0.169840264217816
2265.0 0.16973864787236675
2266.0 0.16963700635655932
2267.0 0.16953533968043075
2268.0 0.16943364785402223
2269.0 0.16933193088737872
2270.0 0.16923018879054905
2271.0 0.1691190643736166
2272.0 0.16900792928825795
2273.0 0.16889678354350465
2274.0 0.16878562714839038
2275.0 0.1686744601119505
2276.0 0.1685632824432228
2277.0 0.1684520941512468
2278.0 0.1683408952450642
2279.0 0.16822968573371871
2280.0 0.168118465626256
2281.0 0.16800401598930306
2282.0 0.16788956149178988
2283.0 0.16777510214197383
2284.0 0.16766063794811387
2285.0 0.16754616891847032
2286.0 0.16743169506130495
2287.0 0.16731721638488126
2288.0 0.16720273289746385
2289.0 0.16708824460731897
2290.0 0.16697375152271435
2291.0 0.16686068245445856
2292.0 0.16674760731233965
2293.0 0.16663452610477417
2294.0 0.16652143884018022
2295.0 0.16640834552697747
2296.0 0.16629524617358718
2297.0 0.16618214078843221
2298.0 0.16606902937993698
2299.0 0.16595591195652737
2300.0 0.16584278852663095
2301.0 0.16572989403579333
2302.0 0.16561699411646585
2303.0 0.1655040887769548
2304.0 0.16539117802556763
2305.0 0.1652782618706135
2306.0 0.16516534032040317
2307.0 0.16505241338324877
2308.0 0.16493948106746392
2309.0 0.1648265433813639
2310.0 0.1647136003332654
2311.0 0.16460214944752488
2312.0 0.16449069194008825
2313.0 0.1643792278194076
2314.0 0.1642677570939369
2315.0 0.1641562797721315
2316.0 0.16404479586244883
2317.0 0.16393330537334738
2318.0 0.16382180831328766
2319.0 0.16371030469073158
2320.0 0.16359879451414286
2321.0 0.1634885032829764
2322.0 0.1633782045318103
2323.0 0.1632678982692021
2324.0 0.16315758450371143
2325.0 0.1630472632438992
2326.0 0.16293693449832844
2327.0 0.16282659827556348
2328.0 0.16271625458417086
2329.0 0.16260590343271833
2330.0 0.16249554482977568
2331.0 0.16238657327188669
2332.0 0.16227759317203974
2333.0 0.16216860453890242
2334.0 0.1620596073811442
2335.0 0.1619506017074363
2336.0 0.16184158752645192
2337.0 0.16173256484686596
2338.0 0.16162353367735527
2339.0 0.16151449402659826
2340.0 0.16140544590327535
2341.0 0.1612975955722656
2342.0 0.16118973596719124
2343.0 0.16108186709678854
2344.0 0.16097398896979587
2345.0 0.16086610159495338
2346.0 0.16075820498100316
2347.0 0.16065029913668913
2348.0 0.16054238407075724
2349.0 0.16043445979195517
2350.0 0.16032652630903252
2351.0 0.16019952359092657
2352.0 0.1600725322464486
2353.0 0.15994555229734977
2354.0 0.15981858376538546
2355.0 0.15969162667231468
2356.0 0.1595646810399012
2357.0 0.15943774688991244
2358.0 0.1593108242441202
2359.0 0.15918391312430027
2360.0 0.1590570135522325
2361.0 0.15893123371721274
2362.0 0.15880546452670502
2363.0 0.15867970600266648
2364.0 0.15855395816705842
2365.0 0.15842822104184653
2366.0 0.15830249464900062
2367.0 0.15817677901049498
2368.0 0.15805107414830785
2369.0 0.15792538008442183
2370.0 0.1577996968408238
2371.0 0.15767153888333416
2372.0 0.1575433971718619
2373.0 0.15741527172616815
2374.0 0.15728716256601738
2375.0 0.15715906971117707
2376.0 0.15703099318141822
2377.0 0.1569029329965148
2378.0 0.15677488917624424
2379.0 0.15664686174038717
2380.0 0.15651885070872723
2381.0 0.1563857640644255
2382.0 0.15625270404234354
2383.0 0.156119670657796
2384.0 0.1559866639260998
2385.0 0.155853683862573
2386.0 0.15572073048253599
2387.0 0.15558780380131054
2388.0 0.15545490383422025
2389.0 0.15532203059659058
2390.0 0.1551891841037486
2391.0 0.1550576276924879
2392.0 0.15492609672560623
2393.0 0.1547945912188408
2394.0 0.15466311118793077
2395.0 0.15453165664861726
2396.0 0.15440022761664313
2397.0 0.15426882410775325
2398.0 0.15413744613769437
2399.0 0.15400609372221483
2400.0 0.15387476687706528
2401.0 0.15374611447056064
2402.0 0.15361748396123542
2403.0 0.15348887536624456
2404.0 0.15336028870274546
2405.0 0.15323172398789764
2406.0 0.15310318123886318
2407.0 0.15297466047280645
2408.0 0.15284616170689397
2409.0 0.1527176849582948
2410.0 0.1525892302441802
2411.0 0.15246205011916847
2412.0 0.15233489077478282
2413.0 0.1522077522285619
2414.0 0.15208063449804682
2415.0 0.1519535376007813
2416.0 0.15182646155431143
2417.0 0.15169940637618567
2418.0 0.15157237208395535
2419.0 0.15144535869517375
2420.0 0.15131836622739694
2421.0 0.15119250952556262
2422.0 0.15106667280310795
2423.0 0.15094085607780894
2424.0 0.15081505936744433
2425.0 0.15068928268979523
2426.0 0.1505635260626456
2427.0 0.15043778950378175
2428.0 0.15031207303099248
2429.0 0.15018637666206947
2430.0 0.1500607004148067
2431.0 0.14993624001116793
2432.0 0.14981179864453803
2433.0 0.14968737633298795
2434.0 0.14956297309459146
2435.0 0.14943858894742498
2436.0 0.14931422390956756
2437.0 0.14918987799910113
2438.0 0.14906555123411017
2439.0 0.14894124363268182
2440.0 0.14881695521290603
2441.0 0.14869387676717993
2442.0 0.14857081643073197
2443.0 0.14844777422192026
2444.0 0.1483247501591056
2445.0 0.14820174426065158
2446.0 0.14807875654492464
2447.0 0.1479557870302941
2448.0 0.14783283573513223
2449.0 0.1477099026778137
2450.0 0.14758698787671642
2451.0 0.14746188278646
2452.0 0.1473368010747919
2453.0 0.1472117427577115
2454.0 0.1470867078512202
2455.0 0.14696169637132137
2456.0 0.14683670833402063
2457.0 0.1467117437553253
2458.0 0.14658680265124513
2459.0 0.14646188503779142
2460.0 0.14633699093097793
2461.0 0.14621325879409586
2462.0 0.1460895490852235
2463.0 0.14596586182067867
2464.0 0.14584219701678142
2465.0 0.14571855468985387
2466.0 0.14559493485622027
2467.0 0.14547133753220712
2468.0 0.1453477627341429
2469.0 0.1452242104783584
2470.0 0.1451006807811863
2471.0 0.14497863323519827
2472.0 0.14485660671056708
2473.0 0.14473460122410087
2474.0 0.14461261679260998
2475.0 0.14449065343290718
2476.0 0.14436871116180744
2477.0 0.14424678999612814
2478.0 0.1441248899526889
2479.0 0.14400301104831179
2480.0 0.14388115329982118
2481.0 0.14376721631340442
2482.0 0.1436532874580362
2483.0 0.14353936675555698
2484.0 0.14342545422781203
2485.0 0.1433115498966509
2486.0 0.143197653783928
2487.0 0.1430837659115021
2488.0 0.1429698863012368
2489.0 0.14285601497499997
2490.0 0.14274215195466436
2491.0 0.14262930576861252
2492.0 0.14251646720569777
2493.0 0.14240363628786612
2494.0 0.14229081303706861
2495.0 0.14217799747526055
2496.0 0.1420651896244023
2497.0 0.14195238950645864
2498.0 0.14183959714339903
2499.0 0.14172681255719782
2500.0 0.14161403576983378
2501.0 0.1415203556590066
2502.0 0.14142666435630116
2503.0 0.14133296187037792
2504.0 0.14123924820989914
2505.0 0.14114552338352948
2506.0 0.14105178739993599
2507.0 0.14095804026778755
2508.0 0.14086428199575554
2509.0 0.14077051259251325
2510.0 0.1406767320667363
2511.0 0.14058398256205834
2512.0 0.14049122150250426
2513.0 0.14039844889674086
2514.0 0.1403056647534371
2515.0 0.14021286908126407
2516.0 0.14012006188889528
2517.0 0.14002724318500628
2518.0 0.13993441297827497
2519.0 0.13984157127738156
2520.0 0.13974871809100833
2521.0 0.13965685437844078
2522.0 0.13956497875162002
2523.0 0.1394730912192209
2524.0 0.13938119178992076
2525.0 0.13928928047239894
2526.0 0.13919735727533725
2527.0 0.13910542220741975
2528.0 0.1390134752773329
2529.0 0.13892151649376522
2530.0 0.13882954586540747
2531.0 0.1387385235401154
2532.0 0.1386474890680749
2533.0 0.1385564424579516
2534.0 0.13846538371841366
2535.0 0.1383743128581314
2536.0 0.13828322988577763
2537.0 0.1381921348100273
2538.0 0.1381010276395577
2539.0 0.13800990838304855
2540.0 0.1379187770491818
2541.0 0.13782863117184357
2542.0 0.137738472800105
2543.0 0.13764830194263644
2544.0 0.13755811860811085
2545.0 0.13746792280520329
2546.0 0.13737771454259137
2547.0 0.13728749382895494
2548.0 0.13719726067297627
2549.0 0.13710701508334003
2550.0 0.13701675706873315
2551.0 0.13692682417933605
2552.0 0.13683687949914822
2553.0 0.13674692303673838
2554.0 0.13665695480067752
2555.0 0.13656697479953875
2556.0 0.1364769830418976
2557.0 0.13638697953633191
2558.0 0.13629696429142163
2559.0 0.136206937315749
2560.0 0.13611689861789872
2561.0 0.136027764678353
2562.0 0.13593861871966417
2563.0 0.13584946075039384
2564.0 0.13576029077910623
2565.0 0.13567110881436759
2566.0 0.13558191486474658
2567.0 0.13549270893881427
2568.0 0.13540349104514385
2569.0 0.13531426119231085
2570.0 0.1352250193888931
2571.0 0.1351367205094589
2572.0 0.13504840939017168
2573.0 0.13496008603958112
2574.0 0.13487175046623934
2575.0 0.13478340267870056
2576.0 0.13469504268552157
2577.0 0.13460667049526123
2578.0 0.13451828611648106
2579.0 0.1344298895577445
2580.0 0.1343414808276177
2581.0 0.13425397410114448
2582.0 0.13416645491531679
2583.0 0.13407892327867493
2584.0 0.13399137919976173
2585.0 0.1339038226871221
2586.0 0.13381625374930353
2587.0 0.1337286723948559
2588.0 0.13364107863233124
2589.0 0.13355347247028407
2590.0 0.13346585391727128
2591.0 0.13337906060250765
2592.0 0.1332922547255302
2593.0 0.13320543629485831
2594.0 0.1331186053190139
2595.0 0.13303176180652113
2596.0 0.1329449057659065
2597.0 0.13285803720569905
2598.0 0.13277115613443005
2599.0 0.13268426256063315
2600.0 0.13259735649284443
2601.0 0.13252864510201615
2602.0 0.13245990344696726
2603.0 0.13239113152363394
2604.0 0.1323223293279526
2605.0 0.13225349685585944
2606.0 0.13218463410329076
2607.0 0.13211574106618282
2608.0 0.13204681774047192
2609.0 0.13197786412209433
2610.0 0.13190888020698627
2611.0 0.1318407770626198
2612.0 0.1317726435613902
2613.0 0.13170447969918073
2614.0 0.1316362854718747
2615.0 0.13156806087535516
2616.0 0.13149980590550553
2617.0 0.13143152055820903
2618.0 0.1313632048293488
2619.0 0.1312948587148082
2620.0 0.13122648221047037
2621.0 0.13115895217984927
2622.0 0.13109139180781973
2623.0 0.13102380109024042
2624.0 0.13095618002296994
2625.0 0.1308885286018669
2626.0 0.13082084682278997
2627.0 0.13075313468159777
2628.0 0.13068539217414893
2629.0 0.1306176192963021
2630.0 0.1305498160439159
2631.0 0.13047972535799596
2632.0 0.13040960812502234
2633.0 0.13033946434185884
2634.0 0.13026929400536957
2635.0 0.13019909711241834
2636.0 0.13012887365986922
2637.0 0.13005862364458623
2638.0 0.12998834706343332
2639.0 0.1299180439132744
2640.0 0.1298477141909735
2641.0 0.12977544206404024
2642.0 0.12970314673760547
2643.0 0.12963082820929536
2644.0 0.12955848647673615
2645.0 0.12948612153755396
2646.0 0.12941373338937512
2647.0 0.12934132202982573
2648.0 0.1292688874565321
2649.0 0.12919642966712033
