1000.0 0.0
1001.0 0.0
1002.0 0.0
1003.0 0.0
1004.0 0.0
1005.0 0.0
1006.0 0.0
1007.0 0.0
1008.0 0.0
1009.0 0.0
1010.0 0.0
1011.0 0.0
1012.0 0.0
1013.0 0.0
1014.0 0.0
1015.0 0.0
1016.0 0.0
1017.0 0.0
1018.0 0.0
1019.0 0.0
1020.0 0.0
1021.0 0.0
1022.0 0.0
1023.0 0.0
1024.0 0.0
1025.0 0.0
1026.0 0.0
1027.0 0.0
1028.0 0.0
1029.0 0.0
1030.0 0.0
1031.0 0.0
1032.0 0.0
1033.0 0.0
1034.0 0.0
1035.0 0.0
1036.0 0.0
1037.0 0.0
1038.0 0.0
1039.0 0.0
1040.0 0.0
1041.0 0.0
1042.0 0.0
1043.0 0.0
1044.0 0.0
1045.0 0.0
1046.0 0.0
1047.0 0.0
1048.0 0.0
1049.0 0.0
1050.0 0.0
1051.0 0.0
1052.0 0.0
1053.0 0.0
1054.0 0.0
1055.0 0.0
1056.0 0.0
1057.0 0.0
1058.0 0.0
1059.0 0.0
1060.0 0.0
1061.0 0.0
1062.0 0.0
1063.0 0.0
1064.0 0.0
1065.0 0.0
1066.0 0.0
1067.0 0.0
1068.0 0.0
1069.0 0.0
1070.0 0.0
1071.0 0.0
1072.0 0.0
1073.0 0.0
1074.0 0.0
1075.0 0.0
1076.0 0.0
1077.0 0.0
1078.0 0.0
1079.0 0.0
1080.0 0.0
1081.0 0.0
1082.0 0.0
1083.0 0.0
1084.0 0.0
1085.0 0.0
1086.0 0.0
1087.0 0.0
1088.0 0.0
1089.0 0.0
1090.0 0.0
1091.0 0.0
1092.0 0.0
1093.0 0.0
1094.0 0.0
1095.0 0.0
1096.0 0.0
1097.0 0.0
1098.0 0.0
1099.0 0.0
1100.0 0.0
1101.0 0.0
1102.0 0.0
1103.0 0.0
1104.0 0.0
1105.0 0.0
1106.0 0.0
1107.0 0.0
1108.0 0.0
1109.0 0.0
1110.0 0.0
1111.0 0.0
1112.0 0.0
1113.0 0.0
1114.0 0.0
1115.0 0.0
1116.0 0.0
1117.0 0.0
1118.0 0.0
1119.0 0.0
1120.0 0.0
1121.0 0.0
1122.0 0.0
1123.0 0.0
1124.0 0.0
1125.0 0.0
1126.0 0.0
1127.0 0.0
1128.0 0.0
1129.0 0.0
1130.0 0.0
1131.0 0.0
1132.0 0.0
1133.0 0.0
1134.0 0.0
1135.0 0.0
1136.0 0.0
1137.0 0.0
1138.0 0.0
1139.0 0.0
1140.0 0.0
1141.0 0.0
1142.0 0.0
1143.0 0.0
1144.0 0.0
1145.0 0.0
1146.0 0.0
1147.0 0.0
1148.0 0.0
1149.0 0.0
1150.0 0.0
1151.0 0.0
1152.0 0.0
1153.0 0.0
1154.0 0.0
1155.0 0.0
1156.0 0.0
1157.0 0.0
1158.0 0.0
1159.0 0.0
1160.0 0.0
1161.0 0.0
1162.0 0.0
1163.0 0.0
1164.0 0.0
1165.0 0.0
1166.0 0.0
1167.0 0.0
1168.0 0.0
1169.0 0.0
1170.0 0.0
1171.0 0.0
1172.0 0.0
1173.0 0.0
1174.0 0.0
1175.0 0.0
1176.0 0.0
1177.0 0.0
1178.0 0.0
1179.0 0.0
1180.0 0.0
1181.0 0.0
1182.0 0.0
1183.0 0.0
1184.0 0.0
1185.0 0.0
1186.0 0.0
1187.0 0.0
1188.0 0.0
1189.0 0.0
1190.0 0.0
1191.0 0.0
1192.0 0.0
1193.0 0.0
1194.0 0.0
1195.0 0.0
1196.0 0.0
1197.0 0.0
1198.0 0.0
1199.0 0.0
1200.0 0.0
1201.0 0.0
1202.0 0.0
1203.0 0.0
1204.0 0.0
1205.0 0.0
1206.0 0.0
1207.0 0.0
1208.0 0.0
1209.0 0.0
1210.0 0.0
1211.0 0.0
1212.0 0.0
1213.0 0.0
1214.0 0.0
1215.0 0.0
1216.0 0.0
1217.0 0.0
1218.0 0.0
1219.0 0.0
1220.0 0.0
1221.0 0.0
1222.0 0.0
1223.0 0.0
1224.0 0.0
1225.0 0.0
1226.0 0.0
1227.0 0.0
1228.0 0.0
1229.0 0.0
1230.0 0.0
1231.0 0.0
1232.0 0.0
1233.0 0.0
1234.0 0.0
1235.0 0.0
1236.0 0.0
1237.0 0.0
1238.0 0.0
1239.0 0.0
1240.0 0.0
1241.0 0.0
1242.0 0.0
1243.0 0.0
1244.0 0.0
1245.0 1.3450104827781414e-30
1246.0 5.99505076131101e-18
1247.0 1.2149818243695403e-17
1248.0 1.846498191237273e-17
1249.0 2.49412221445518e-17
1250.0 3.1579220229430523e-17
1251.0 3.1989049205446614e-17
1252.0 3.239999997696075e-17
1253.0 3.2812073559559375e-17
1254.0 3.3225270968828977e-17
1255.0 3.3639593220356005e-17
1256.0 3.406461765840388e-17
1257.0 3.449079772280459e-17
1258.0 3.4918134455797185e-17
1259.0 3.534662889962075e-17
1260.0 3.577628209651436e-17
1261.0 3.6218464857605145e-17
1262.0 3.666187275211694e-17
1263.0 3.710650691514381e-17
1264.0 3.755236848177968e-17
1265.0 3.7999458587118644e-17
1266.0 3.845759052345381e-17
1267.0 3.891698329698844e-17
1268.0 3.937763807136584e-17
1269.0 3.9839556010229337e-17
1270.0 4.0302738277224045e-17
1271.0 4.894120777337467e-17
1272.0 5.777435283198904e-17
1273.0 6.680304789960515e-17
1274.0 7.602816858555259e-17
1275.0 8.545059166195061e-17
1276.0 8.644776196126026e-17
1277.0 8.744791960936965e-17
1278.0 8.845106758098103e-17
1279.0 8.94572088507966e-17
1280.0 9.046634639352064e-17
1281.0 1.0065806219451218e-16
1282.0 1.1106189677061978e-16
1283.0 1.2167883524091146e-16
1284.0 1.3250986413030174e-16
1285.0 1.435559713695489e-16
1286.0 1.451702455892183e-16
1287.0 1.4678954951983708e-16
1288.0 1.484138885452401e-16
1289.0 1.5004326804926237e-16
1290.0 1.5167769341574095e-16
1291.0 1.635850815455757e-16
1292.0 1.7572310662537045e-16
1293.0 1.880928693800392e-16
1294.0 2.0069547222975e-16
1295.0 2.1353201928992325e-16
1296.0 2.1584942858027922e-16
1297.0 2.181743032582183e-16
1298.0 2.205066519641233e-16
1299.0 2.22846483338377e-16
1300.0 2.2519380602136496e-16
1301.0 2.39002142417888e-16
1302.0 2.5306238814460115e-16
1303.0 2.6737580745573024e-16
1304.0 2.8194366674147847e-16
1305.0 2.967672345280235e-16
1306.0 2.998981910246866e-16
1307.0 3.0303982559499323e-16
1308.0 3.0619215182746537e-16
1309.0 3.0935518331062517e-16
1310.0 3.125289336329977e-16
1311.0 3.2844587194605906e-16
1312.0 3.446385015815933e-16
1313.0 3.6110827911018144e-16
1314.0 3.7785666380391066e-16
1315.0 3.9488511763637155e-16
1316.0 3.989483906285894e-16
1317.0 4.0302635674835137e-16
1318.0 4.071190365768292e-16
1319.0 4.1122645069519533e-16
1320.0 4.153486196846246e-16
1321.0 4.3358200749258305e-16
1322.0 4.521157381768123e-16
1323.0 4.709514530692642e-16
1324.0 4.900907967908339e-16
1325.0 5.0953541725136e-16
1326.0 5.293431563610683e-16
1327.0 5.494628628539768e-16
1328.0 5.698962162906719e-16
1329.0 5.906448995669158e-16
1330.0 6.117105989136444e-16
1331.0 6.330509108954798e-16
1332.0 6.54707800751305e-16
1333.0 6.766828383907783e-16
1334.0 6.98977596402326e-16
1335.0 7.2159365005314e-16
1336.0 7.445965408114476e-16
1337.0 7.679269393695831e-16
1338.0 7.915864468122944e-16
1339.0 8.155766669350424e-16
1340.0 8.398992062439967e-16
1341.0 8.473923874322596e-16
1342.0 8.549071393844426e-16
1343.0 8.624434739010348e-16
1344.0 8.70001402782526e-16
1345.0 8.77580937829406e-16
1346.0 8.852487653398415e-16
1347.0 8.929384536189802e-16
1348.0 9.006500145967421e-16
1349.0 9.083834602030486e-16
1350.0 9.161388023678245e-16
1351.0 9.422973368668234e-16
1352.0 9.687854026236062e-16
1353.0 9.956042933956692e-16
1354.0 1.0227553037177986e-15
1355.0 1.0502397289020734e-15
1356.0 1.0973570347421075e-15
1357.0 1.1451262448851176e-15
1358.0 1.1935499608526106e-15
1359.0 1.2426307857310939e-15
1360.0 1.2923713241720708e-15
1361.0 1.342851790593869e-15
1362.0 1.3940022570186814e-15
1363.0 1.445825370363367e-15
1364.0 1.4983237790406311e-15
1365.0 1.5515001329590195e-15
1366.0 1.5845689123537391e-15
1367.0 1.6179976147987498e-15
1368.0 1.6517875826853366e-15
1369.0 1.6859401591574024e-15
1370.0 1.7204566881114652e-15
1371.0 1.7554566074003023e-15
1372.0 1.790826918673834e-15
1373.0 1.8265689967525083e-15
1374.0 1.8626842171211797e-15
1375.0 1.899173955929103e-15
1376.0 1.9138723167266056e-15
1377.0 1.9286104839536797e-15
1378.0 1.9433884721668077e-15
1379.0 1.958206295922469e-15
1380.0 1.973063969777145e-15
1381.0 1.9885605872773677e-15
1382.0 2.0041005980916187e-15
1383.0 2.0196840123165498e-15
1384.0 2.0353108400488113e-15
1385.0 2.0509810913850542e-15
1386.0 2.0667763372616823e-15
1387.0 2.0826153167838503e-15
1388.0 2.098498040116473e-15
1389.0 2.1144245174244647e-15
1390.0 2.130394758872739e-15
1391.0 2.1465192439228843e-15
1392.0 2.1626881725152558e-15
1393.0 2.1789015538248742e-15
1394.0 2.1951593970267585e-15
1395.0 2.21146171129593e-15
1396.0 2.232216322241156e-15
1397.0 2.25303100345515e-15
1398.0 2.2739057673660103e-15
1399.0 2.294840626401835e-15
1400.0 2.315835592990743e-15
1401.0 2.436225807281109e-15
1402.0 2.5598778973412785e-15
1403.0 2.6868075862766775e-15
1404.0 2.8170306045047076e-15
1405.0 2.9505626897547572e-15
1406.0 3.0957356255675283e-15
1407.0 3.2446229414892098e-15
1408.0 3.3972422801660323e-15
1409.0 3.553611292434284e-15
1410.0 3.713747637320317e-15
1411.0 3.8517593267932104e-15
1412.0 3.992066034386146e-15
1413.0 4.134677925441766e-15
1414.0 4.279605169663888e-15
1415.0 4.4268579411175144e-15
1416.0 4.5881490057949355e-15
1417.0 4.7520400780253145e-15
1418.0 4.918542518006358e-15
1419.0 5.0876676908015234e-15
1420.0 5.259426966340032e-15
1421.0 5.448982588049666e-15
1422.0 5.641528528497475e-15
1423.0 5.837078035646896e-15
1424.0 6.035644362704672e-15
1425.0 6.2372407681208854e-15
1426.0 6.5690801667362274e-15
1427.0 6.910130535678743e-15
1428.0 7.260437073780725e-15
1429.0 7.620044997880321e-15
1430.0 7.988999542821545e-15
1431.0 8.393949625909289e-15
1432.0 8.809604224733985e-15
1433.0 9.236015720203016e-15
1434.0 9.67323651345617e-15
1435.0 1.0121319025865673e-14
1436.0 1.0681289936515921e-14
1437.0 1.1257367617606222e-14
1438.0 1.1849631232889201e-14
1439.0 1.24581599766879e-14
1440.0 1.3083033073895814e-14
1441.0 1.4015280266452877e-14
1442.0 1.4980094876679664e-14
1443.0 1.5977641741975213e-14
1444.0 1.7008085764324042e-14
1445.0 1.8071591910296228e-14
1446.0 1.932233275546828e-14
1447.0 2.061602886711421e-14
1448.0 2.1952895669291652e-14
1449.0 2.333314867037264e-14
1450.0 2.4757003463043643e-14
1451.0 2.653382399771538e-14
1452.0 2.83734575291979e-14
1453.0 3.027621087164049e-14
1454.0 3.2242390864804824e-14
1455.0 3.427230437406518e-14
1456.0 3.675158267965076e-14
1457.0 3.93195026651071e-14
1458.0 4.197649443989731e-14
1459.0 4.4722988149382667e-14
1460.0 4.7559413974822595e-14
1461.0 5.1106233901601485e-14
1462.0 5.4783603160840815e-14
1463.0 5.859221237914451e-14
1464.0 6.253275222958128e-14
1465.0 6.6605913431685e-14
1466.0 7.163292885087236e-14
1467.0 7.684839636411802e-14
1468.0 8.225330645353334e-14
1469.0 8.784864966785889e-14
1470.0 9.363541662246459e-14
1471.0 1.0057040724665097e-13
1472.0 1.0776226970025476e-13
1473.0 1.1521235504426518e-13
1474.0 1.229220144047725e-13
1475.0 1.3089259897296873e-13
1476.0 1.4066781018582203e-13
1477.0 1.5080942823521272e-13
1478.0 1.6131936642984982e-13
1479.0 1.7219953817062525e-13
1480.0 1.8345185695061453e-13
1481.0 1.9748334882370562e-13
1482.0 2.1205132348759458e-13
1483.0 2.2715859230561026e-13
1484.0 2.4280796673417063e-13
1485.0 2.590022583227831e-13
1486.0 2.7957677946321285e-13
1487.0 3.0096470064846255e-13
1488.0 3.231702627560214e-13
1489.0 3.46197706803792e-13
1490.0 3.700512739500908e-13
1491.0 3.999028816267062e-13
1492.0 4.3095258733128214e-13
1493.0 4.632066678327028e-13
1494.0 4.966714000126734e-13
1495.0 5.313530608657202e-13
1496.0 5.730040378221535e-13
1497.0 6.162942638086412e-13
1498.0 6.612322367764646e-13
1499.0 7.078264548296423e-13
1500.0 7.560854162249498e-13
1501.0 9.031055459625179e-13
1502.0 1.0655069844989026e-12
1503.0 1.2440398413788235e-12
1504.0 1.4394594786913768e-12
1505.0 1.6525265114669989e-12
1506.0 1.893973289581003e-12
1507.0 2.1566342853505287e-12
1508.0 2.4414223659255323e-12
1509.0 2.74925663305642e-12
1510.0 3.0810624235651474e-12
1511.0 3.647553156206788e-12
1512.0 4.2686595621482575e-12
1513.0 4.946828048626354e-12
1514.0 5.684522040937094e-12
1515.0 6.4842219834023625e-12
1516.0 7.396175679259951e-12
1517.0 8.384394213028346e-12
1518.0 9.451978889763896e-12
1519.0 1.060205211447271e-11
1520.0 1.183775739330906e-11
1521.0 1.3930667075547623e-11
1522.0 1.6214215296196057e-11
1523.0 1.8696374372402852e-11
1524.0 2.1385171094563347e-11
1525.0 2.4288686728386902e-11
1526.0 2.75506107180541e-11
1527.0 3.106810722679142e-11
1528.0 3.4850734486207754e-11
1529.0 3.890811439110157e-11
1530.0 4.324993250187681e-11
1531.0 5.0482281357523276e-11
1532.0 5.831283247920219e-11
1533.0 6.676332170966896e-11
1534.0 7.585562927024994e-11
1535.0 8.561177976433429e-11
1536.0 9.636191340564506e-11
1537.0 1.0786628777798067e-10
1538.0 1.2014856672007042e-10
1539.0 1.3323256582089747e-10
1540.0 1.4714225242336957e-10
1541.0 1.703860181703119e-10
1542.0 1.9535025993155848e-10
1543.0 2.220855998499031e-10
1544.0 2.50642928557912e-10
1545.0 2.8107340468103426e-10
1546.0 3.149861869647498e-10
1547.0 3.5112181687346187e-10
1548.0 3.895413062379454e-10
1549.0 4.303059824272941e-10
1550.0 4.734774877608289e-10
1551.0 5.106647039918202e-10
1552.0 5.496504277312079e-10
1553.0 5.904757286835641e-10
1554.0 6.331818550784163e-10
1555.0 6.778102329166656e-10
1556.0 7.273959632946906e-10
1557.0 7.791974108726449e-10
1558.0 8.33261384186324e-10
1559.0 8.89634887261339e-10
1560.0 9.483651187711838e-10
1561.0 1.0204753910843712e-09
1562.0 1.0959503690840916e-09
1563.0 1.1748635146136323e-09
1564.0 1.2572886073563054e-09
1565.0 1.343299743569227e-09
1566.0 1.440278044216011e-09
1567.0 1.5415942052855825e-09
1568.0 1.6473420132567764e-09
1569.0 1.7576156546110381e-09
1570.0 1.8725097142248406e-09
1571.0 1.994350300685526e-09
1572.0 2.121113311740544e-09
1573.0 2.2529003565176522e-09
1574.0 2.389813482983024e-09
1575.0 2.53195517631396e-09
1576.0 2.698557493034217e-09
1577.0 2.8720709606748505e-09
1578.0 3.052643251202325e-09
1579.0 3.240422674962703e-09
1580.0 3.43555817830905e-09
1581.0 3.6400908139608535e-09
1582.0 3.851794884428712e-09
1583.0 4.070783268975984e-09
1584.0 4.2971692865161435e-09
1585.0 4.5310666940587206e-09
1586.0 4.8158671603166815e-09
1587.0 5.111280563745638e-09
1588.0 5.417476164946311e-09
1589.0 5.73462387963745e-09
1590.0 6.0628942763286755e-09
1591.0 6.467046863847057e-09
1592.0 6.887159186423871e-09
1593.0 7.3234955319181375e-09
1594.0 7.776321263348169e-09
1595.0 8.245902815529039e-09
1596.0 8.82351360358921e-09
1597.0 9.4246579778562e-09
1598.0 1.00497237400962e-08
1599.0 1.0699100248376653e-08
1600.0 1.1373178412163536e-08
1601.0 1.2197154827198246e-08
1602.0 1.3053866096402462e-08
1603.0 1.3943773254363204e-08
1604.0 1.4867339121184943e-08
1605.0 1.582502829681389e-08
1606.0 1.701794875625186e-08
1607.0 1.8258737132408105e-08
1608.0 1.954805965779254e-08
1609.0 2.0886585100529245e-08
1610.0 2.2274984756223783e-08
1611.0 2.397615783539369e-08
1612.0 2.574510599158304e-08
1613.0 2.7582774443238548e-08
1614.0 2.949011201325048e-08
1615.0 3.14680711173472e-08
1616.0 3.3913304355562804e-08
1617.0 3.6455295913917206e-08
1618.0 3.9095373252702476e-08
1619.0 4.1834868796134355e-08
1620.0 4.467511991620954e-08
1621.0 4.802939648782108e-08
1622.0 5.15053440744207e-08
1623.0 5.5104279924122006e-08
1624.0 5.882752528362988e-08
1625.0 6.267640538435668e-08
1626.0 6.730028785185054e-08
1627.0 7.208828683370553e-08
1628.0 7.704215109268055e-08
1629.0 8.21636345936822e-08
1630.0 8.745449648549096e-08
1631.0 9.332729058479814e-08
1632.0 9.938223304131543e-08
1633.0 1.0562065075476335e-07
1634.0 1.12043872534722e-07
1635.0 1.1865322909107819e-07
1636.0 1.2612658837778915e-07
1637.0 1.3382303767597223e-07
1638.0 1.4174417735230875e-07
1639.0 1.4989161002465127e-07
1640.0 1.582669405505533e-07
1641.0 1.6676712318205954e-07
1642.0 1.7549447320811755e-07
1643.0 1.8445058590487806e-07
1644.0 1.936370587807072e-07
1645.0 2.0305549156508368e-07
1646.0 2.1172848299562024e-07
1647.0 2.2060281690574435e-07
1648.0 2.296798544903048e-07
1649.0 2.389609587749822e-07
1650.0 2.484474946068977e-07
1651.0 2.552290069285747e-07
1652.0 2.621101121986106e-07
1653.0 2.6909124684367367e-07
1654.0 2.7617284689652155e-07
1655.0 2.8335534799451576e-07
1656.0 2.8857547501775133e-07
1657.0 2.9382792017222097e-07
1658.0 2.991127554469512e-07
1659.0 3.0443005272971884e-07
1660.0 3.0977988380677613e-07
1661.0 3.143066867788474e-07
1662.0 3.1884002989498366e-07
1663.0 3.2337984717638106e-07
1664.0 3.2792607265593283e-07
1665.0 3.324786403784076e-07
1666.0 3.373659643092052e-07
1667.0 3.422693606117227e-07
1668.0 3.471888144098461e-07
1669.0 3.521243107986212e-07
1670.0 3.570758348442686e-07
1671.0 3.630633466992749e-07
1672.0 3.6909538208377634e-07
1673.0 3.7517207115684783e-07
1674.0 3.812935439362052e-07
1675.0 3.874599302977771e-07
1676.0 3.946776336929385e-07
1677.0 4.0196952844279153e-07
1678.0 4.0933589192359653e-07
1679.0 4.1677700125086816e-07
1680.0 4.242931332784925e-07
1681.0 4.3387247681208843e-07
1682.0 4.4357539015577085e-07
1683.0 4.5340238866683416e-07
1684.0 4.633539872673565e-07
1685.0 4.734307004426668e-07
1686.0 4.849206297928823e-07
1687.0 4.965638353346038e-07
1688.0 5.083609585175594e-07
1689.0 5.203126402466082e-07
1690.0 5.324195208798276e-07
1691.0 5.473429848819898e-07
1692.0 5.624800410851237e-07
1693.0 5.778316079700189e-07
1694.0 5.933986032893556e-07
1695.0 6.091819440651182e-07
1696.0 6.269567363431051e-07
1697.0 6.449758029930561e-07
1698.0 6.632401679753579e-07
1699.0 6.817508544209541e-07
1700.0 7.005088846284516e-07
1701.0 7.213862039090381e-07
1702.0 7.425389419689045e-07
1703.0 7.639681934949593e-07
1704.0 7.856750521655288e-07
1705.0 8.076606106496375e-07
1706.0 8.316512007986232e-07
1707.0 8.559448252095074e-07
1708.0 8.805426571338824e-07
1709.0 9.054458687330336e-07
1710.0 9.306556310771592e-07
1711.0 9.56840475276667e-07
1712.0 9.833373870846867e-07
1713.0 1.0101475909418654e-06
1714.0 1.0372723101881232e-06
1715.0 1.0647127670619075e-06
1716.0 1.093159376162e-06
1717.0 1.121937906070986e-06
1718.0 1.1510496388474892e-06
1719.0 1.1804958553906671e-06
1720.0 1.2102778354394268e-06
1721.0 1.2374676004200907e-06
1722.0 1.264936127501196e-06
1723.0 1.292684429018408e-06
1724.0 1.3207135164109876e-06
1725.0 1.3490244002212066e-06
1726.0 1.376009215444417e-06
1727.0 1.4032622893728811e-06
1728.0 1.4307845795538894e-06
1729.0 1.4585770426812938e-06
1730.0 1.4866406345949582e-06
1731.0 1.5104745744767282e-06
1732.0 1.5345183485037702e-06
1733.0 1.5587726627028874e-06
1734.0 1.5832382224898395e-06
1735.0 1.6079157326689733e-06
1736.0 1.628057083309977e-06
1737.0 1.648351102821633e-06
1738.0 1.6687982607230956e-06
1739.0 1.6893990261168153e-06
1740.0 1.7101538676882888e-06
1741.0 1.7259921959136422e-06
1742.0 1.7419190035092908e-06
1743.0 1.757934501640525e-06
1744.0 1.7740389012801787e-06
1745.0 1.7902324132085187e-06
1746.0 1.7990255613568068e-06
1747.0 1.8078122213878685e-06
1748.0 1.816592234997082e-06
1749.0 1.8253654439845196e-06
1750.0 1.8341316902550079e-06
1751.0 1.837874373664599e-06
1752.0 1.8415230138472358e-06
1753.0 1.845077079843796e-06
1754.0 1.84853604111509e-06
1755.0 1.8518993675420345e-06
1756.0 1.8495885421163895e-06
1757.0 1.847095940194759e-06
1758.0 1.8444206860384366e-06
1759.0 1.8415619046194866e-06
1760.0 1.8385187216210392e-06
1761.0 1.8339720053009389e-06
1762.0 1.8291921760616765e-06
1763.0 1.8241781190590888e-06
1764.0 1.8189287203097664e-06
1765.0 1.813442866691391e-06
1766.0 1.810233369700173e-06
1767.0 1.8067885269094886e-06
1768.0 1.8031071893534987e-06
1769.0 1.79918820895226e-06
1770.0 1.795030438512082e-06
1771.0 1.795454064621608e-06
1772.0 1.7956852493212114e-06
1773.0 1.7957229871356746e-06
1774.0 1.7955662735742553e-06
1775.0 1.7952141051310424e-06
1776.0 1.8031056316726415e-06
1777.0 1.8108997261023243e-06
1778.0 1.818595747313815e-06
1779.0 1.8261930548086422e-06
1780.0 1.8336910086963588e-06
1781.0 1.8498318252340043e-06
1782.0 1.8660082413425892e-06
1783.0 1.882220165354762e-06
1784.0 1.8984675056491145e-06
1785.0 1.9147501706502098e-06
1786.0 1.9418721024879988e-06
1787.0 1.969212725219655e-06
1788.0 1.9967727121693373e-06
1789.0 2.024552735932771e-06
1790.0 2.0525534683770163e-06
1791.0 2.0935946173270013e-06
1792.0 2.135105449106286e-06
1793.0 2.1770877164175595e-06
1794.0 2.219543170246939e-06
1795.0 2.2624735598634474e-06
1796.0 2.318292433777189e-06
1797.0 2.3748528039076415e-06
1798.0 2.432157574726376e-06
1799.0 2.4902096478825243e-06
1800.0 2.5490119222019165e-06
1801.0 2.623869556081025e-06
1802.0 2.6999150709182142e-06
1803.0 2.777155301171749e-06
1804.0 2.8555970923706843e-06
1805.0 2.935247301117114e-06
1806.0 3.027925703373589e-06
1807.0 3.1221530876654953e-06
1808.0 3.2179384494905487e-06
1809.0 3.3152907989236968e-06
1810.0 3.4142191606200644e-06
1811.0 3.5214489005535477e-06
1812.0 3.630493414951569e-06
1813.0 3.741363307254445e-06
1814.0 3.8540691983110885e-06
1815.0 3.96862172638238e-06
1816.0 4.085307442118249e-06
1817.0 4.203923619874213e-06
1818.0 4.324481413579292e-06
1819.0 4.4469919953882645e-06
1820.0 4.5714665556852e-06
1821.0 4.686529806516574e-06
1822.0 4.8032814344012e-06
1823.0 4.921730865700199e-06
1824.0 5.041887542181704e-06
1825.0 5.163760921023723e-06
1826.0 5.27389048078263e-06
1827.0 5.385317570291226e-06
1828.0 5.49804882461134e-06
1829.0 5.612090889362361e-06
1830.0 5.727450420723177e-06
1831.0 5.8244971428685365e-06
1832.0 5.92213383291612e-06
1833.0 6.020362254034673e-06
1834.0 6.119184171606449e-06
1835.0 6.2186013532275785e-06
1836.0 6.272331387477564e-06
1837.0 6.3249936538560345e-06
1838.0 6.376578828153185e-06
1839.0 6.427077569316697e-06
1840.0 6.476480519448744e-06
1841.0 6.48590014585424e-06
1842.0 6.492390517705283e-06
1843.0 6.4959292011061056e-06
1844.0 6.496493722119651e-06
1845.0 6.494061566760736e-06
1846.0 6.493434623866231e-06
1847.0 6.489274534230239e-06
1848.0 6.481554756396833e-06
1849.0 6.470248701820312e-06
1850.0 6.455329734857205e-06
1851.0 6.476047867313723e-06
1852.0 6.493806729557246e-06
1853.0 6.508583947621606e-06
1854.0 6.52035711028602e-06
1855.0 6.529103769069769e-06
1856.0 6.589025679406489e-06
1857.0 6.6470771315645166e-06
1858.0 6.703242815847091e-06
1859.0 6.757507396774177e-06
1860.0 6.809855513078787e-06
1861.0 6.914084521551162e-06
1862.0 7.017769180860385e-06
1863.0 7.120902683908105e-06
1864.0 7.223478211340643e-06
1865.0 7.32548893154732e-06
1866.0 7.4842524176109015e-06
1867.0 7.644076053273363e-06
1868.0 7.804963307603336e-06
1869.0 7.966917654104698e-06
1870.0 8.129942570717139e-06
1871.0 8.359443980566566e-06
1872.0 8.592098331979908e-06
1873.0 8.827922426817823e-06
1874.0 9.066933093188754e-06
1875.0 9.30914718545232e-06
1876.0 9.621126038605235e-06
1877.0 9.938708817297966e-06
1878.0 1.026192776777431e-05
1879.0 1.059081518760129e-05
1880.0 1.0925403425675722e-05
1881.0 1.1349641364355572e-05
1882.0 1.178287041121507e-05
1883.0 1.2225144318802615e-05
1884.0 1.267651692674603e-05
1885.0 1.3137042161763043e-05
1886.0 1.370795359698482e-05
1887.0 1.4292332153629276e-05
1888.0 1.4890259539872971e-05
1889.0 1.5501817596456184e-05
1890.0 1.612708829669888e-05
1891.0 1.6862200674007287e-05
1892.0 1.7615412161329954e-05
1893.0 1.8386833357045717e-05
1894.0 1.9176575040517588e-05
1895.0 1.9984748172113148e-05
1896.0 2.0933275929431374e-05
1897.0 2.1906000564274532e-05
1898.0 2.2903069897872213e-05
1899.0 2.392463199280796e-05
1900.0 2.4970835153046406e-05
1901.0 2.632266425996854e-05
1902.0 2.7719324212053753e-05
1903.0 2.9161480519164678e-05
1904.0 3.064979997621871e-05
1905.0 3.218495066328104e-05
1906.0 3.386864767606514e-05
1907.0 3.560617470415465e-05
1908.0 3.739830313458736e-05
1909.0 3.924580583467286e-05
1910.0 4.1149457152099625e-05
1911.0 4.3241585103068916e-05
1912.0 4.5398454969661224e-05
1913.0 4.762098091506885e-05
1914.0 4.9910078868970275e-05
1915.0 5.22666665276471e-05
1916.0 5.4763851445298e-05
1917.0 5.733186844528792e-05
1918.0 5.997165074375429e-05
1919.0 6.26841333411215e-05
1920.0 6.547025302221885e-05
1921.0 6.826705385207352e-05
1922.0 7.113048569078627e-05
1923.0 7.40613137769228e-05
1924.0 7.706030479546779e-05
1925.0 8.012822687791048e-05
1926.0 8.320062180494936e-05
1927.0 8.632834560581699e-05
1928.0 8.951184394463487e-05
1929.0 9.275156327391166e-05
1930.0 9.604795083459012e-05
1931.0 9.952646315767701e-05
1932.0 0.0001030529720662323
1933.0 0.00010662765373688915
1934.0 0.00011025068457568872
1935.0 0.00011392224121809292
1936.0 0.00011801389889340824
1937.0 0.0001221577348804696
1938.0 0.00012635388353133932
1939.0 0.00013060247932352028
1940.0 0.00013490365685996298
1941.0 0.00014019032448624004
1942.0 0.0001455625739752588
1943.0 0.00015102095701372112
1944.0 0.000156566026215941
1945.0 0.00016219833512388828
1946.0 0.00016925394676761265
1947.0 0.0001764550317773032
1948.0 0.00018380299648779
1949.0 0.0001912992498274907
1950.0 0.00019894520331853292
1951.0 0.00020839840582180874
1952.0 0.00021808583007921863
1953.0 0.00022801017870017597
1954.0 0.00023817415933783518
1955.0 0.0002485804846892977
1956.0 0.0002616929613999135
1957.0 0.0002751841118690814
1958.0 0.0002890587468154044
1959.0 0.0003033216860323848
1960.0 0.00031797775838879544
1961.0 0.00033646218081331944
1962.0 0.0003555502293595153
1963.0 0.0003752500964618869
1964.0 0.00039556999019398255
1965.0 0.00041651813426894584
1966.0 0.00044230890105122585
1967.0 0.00046900444506652923
1968.0 0.0004966172688186775
1969.0 0.0005251598986711895
1970.0 0.000554644884848126
1971.0 0.0005913797024754597
1972.0 0.0006294940832813272
1973.0 0.0006690075746886522
1974.0 0.000709939761672444
1975.0 0.000752310266760913
1976.0 0.0008045680185817714
1977.0 0.0008588719420250798
1978.0 0.0009152509859217444
1979.0 0.0009737341545685484
1980.0 0.0010343505077298045
1981.0 0.0011070211890073622
1982.0 0.0011825665096972418
1983.0 0.0012610271830266646
1984.0 0.0013424440003680003
1985.0 0.0014268578312406981
1986.0 0.0015276231300061563
1987.0 0.0016323648311755616
1988.0 0.0017411382330048074
1989.0 0.0018539987394031582
1990.0 0.0019710018599358617
1991.0 0.002109315055256026
1992.0 0.002253004561648993
1993.0 0.002402144292995798
1994.0 0.002556808304461833
1995.0 0.0027170707924996733
1996.0 0.0029020520559669017
1997.0 0.003093918140229596
1998.0 0.003292760705459931
1999.0 0.0034986715859290723
2000.0 0.003711742790010661
2001.0 0.0039545990671283554
2002.0 0.004205879506446794
2003.0 0.004465684337028035
2004.0 0.004734113820289596
2005.0 0.005011268250005009
2006.0 0.005334862224680677
2007.0 0.005669329954652121
2008.0 0.006014797085492499
2009.0 0.006371389303296068
2010.0 0.006739232334678876
2011.0 0.007163360108995531
2012.0 0.007601142170906237
2013.0 0.008052731603374268
2014.0 0.00851828154144799
2015.0 0.008997945172261526
2016.0 0.0095318924907083
2017.0 0.010081475782091613
2018.0 0.010646860947930983
2019.0 0.011228213946097125
2020.0 0.011825700790812726
2021.0 0.012465473692239135
2022.0 0.013120663079660007
2023.0 0.013791415124875944
2024.0 0.014477876051843521
2025.0 0.015180192136675768
2026.0 0.015904104977104653
2027.0 0.01664023829040052
2028.0 0.017388679361385224
2029.0 0.018149515505719534
2030.0 0.018922834069903458
2031.0 0.019718310200357275
2032.0 0.020522273629722834
2033.0 0.021334750520718964
2034.0 0.022155767045239586
2035.0 0.022985349384353683
2036.0 0.02389386717087427
2037.0 0.02481053180030378
2038.0 0.025735353706904586
2039.0 0.026668343328084057
2040.0 0.02760951110439456
2041.0 0.028670204511384564
2042.0 0.02974200903743147
2043.0 0.03082496237900532
2044.0 0.031919102246419764
2045.0 0.03302446636383204
2046.0 0.034249912835745216
2047.0 0.03549120272340204
2048.0 0.036748421578139276
2049.0 0.03802165498380002
2050.0 0.03931098855673381
2051.0 0.04071969036853581
2052.0 0.04214978242052717
2053.0 0.04360140579823234
2054.0 0.04507470165184589
2055.0 0.046569811196232186
2056.0 0.048164131159563785
2057.0 0.049785152567696285
2058.0 0.051433066690306214
2059.0 0.05310806488508486
2060.0 0.05481033859773821
2061.0 0.056544984620983174
2062.0 0.05830929800600677
2063.0 0.060103492689859275
2064.0 0.06192778270063457
2065.0 0.06378238215746997
2066.0 0.06560549244722667
2067.0 0.06745894097231411
2068.0 0.06934294304591762
2069.0 0.07125771407273288
2070.0 0.07320346954896531
2071.0 0.07510371103708625
2072.0 0.07703386633463997
2073.0 0.07899413790388136
2074.0 0.08098472827870644
2075.0 0.08300584006465185
2076.0 0.08496307863573838
2077.0 0.08694878181594179
2078.0 0.08896313266032928
2079.0 0.09100631428856967
2080.0 0.09307850988493331
2081.0 0.09501761513391314
2082.0 0.096981132104225
2083.0 0.09896919957945118
2084.0 0.10098195639378985
2085.0 0.1030195414320543
2086.0 0.1049773120526663
2087.0 0.10695660827346055
2088.0 0.10895754002318934
2089.0 0.1109802172704396
2090.0 0.11302475002363205
2091.0 0.1149574699126759
2092.0 0.11690823149261018
2093.0 0.11887711355339757
2094.0 0.12086419491425057
2095.0 0.12286955442363082
2096.0 0.12466957967271469
2097.0 0.12648348747136282
2098.0 0.1283113264561733
2099.0 0.13015314528147018
2100.0 0.1320089926193029
2101.0 0.13348562340366404
2102.0 0.13497090345558313
2103.0 0.1364648537042888
2104.0 0.13796749508461584
2105.0 0.13947884853700485
2106.0 0.14059304380022752
2107.0 0.14171226795710767
2108.0 0.1428365294630828
2109.0 0.14396583677575495
2110.0 0.14510019835489
2111.0 0.1458209873930334
2112.0 0.1465438409587598
2113.0 0.14726876134508377
2114.0 0.14799575084558922
2115.0 0.14872481175442925
2116.0 0.14914003089443295
2117.0 0.1495553974183271
2118.0 0.14997091129839132
2119.0 0.1503865725068903
2120.0 0.1508023810160736
2121.0 0.15105507956443057
2122.0 0.15130725969197772
2123.0 0.15155892091736542
2124.0 0.15181006275913314
2125.0 0.1520606847357095
2126.0 0.15234027274861556
2127.0 0.1526194714398599
2128.0 0.15289828030146735
2129.0 0.1531766988253323
2130.0 0.1534547265032185
2131.0 0.15384072761149056
2132.0 0.15422699968536235
2133.0 0.1546135427652642
2134.0 0.1550003568916211
2135.0 0.15538744210485278
2136.0 0.15594704916498153
2137.0 0.1565078003468234
2138.0 0.15706969669888624
2139.0 0.15763273926994148
2140.0 0.15819692910902508
2141.0 0.15895369023756958
2142.0 0.1597126358036158
2143.0 0.1604737684816947
2144.0 0.16123709094709648
2145.0 0.1620026058758711
2146.0 0.16297647727959147
2147.0 0.16395369770553678
2148.0 0.16493427202682637
2149.0 0.16591820511802202
2150.0 0.16690550185512731
2151.0 0.16804597895751539
2152.0 0.16919065578630701
2153.0 0.1703395390805423
2154.0 0.17149263558159747
2155.0 0.17264995203318467
2156.0 0.17391181261811298
2157.0 0.17517847467362266
2158.0 0.17644994614684595
2159.0 0.17772623498768844
2160.0 0.17900734914882854
2161.0 0.18027674913932998
2162.0 0.18155068734341634
2163.0 0.18282917123149764
2164.0 0.1841122082766418
2165.0 0.18539980595457464
2166.0 0.18662144364171943
2167.0 0.18784736667768687
2168.0 0.1890775821442824
2169.0 0.19031209712583308
2170.0 0.1915509187091879
2171.0 0.19254519189859334
2172.0 0.1935424419047411
2173.0 0.19454267314577336
2174.0 0.1955458900414016
2175.0 0.1965520970129054
2176.0 0.19725015065552218
2177.0 0.19794985898395084
2178.0 0.19865122411069316
2179.0 0.1993542481489706
2180.0 0.20005893321272408
2181.0 0.20037898643915233
2182.0 0.20069915224153587
2183.0 0.2010194302460393
2184.0 0.20133982007864518
2185.0 0.20166032136515305
2186.0 0.20160758930612802
2187.0 0.2015535539190543
2188.0 0.20149821272794516
2189.0 0.20144156325587623
2190.0 0.20138360302498617
2191.0 0.2009752030972778
2192.0 0.20056461267696515
2193.0 0.20015182857257777
2194.0 0.1997368475914917
2195.0 0.19931966653992908
2196.0 0.19870520073518178
2197.0 0.1980880776475887
2198.0 0.19746829389272613
2199.0 0.19684584608500094
2200.0 0.1962207308376506
2201.0 0.19556470526967337
2202.0 0.19490662979172715
2203.0 0.19424650231644125
2204.0 0.19358432075579574
2205.0 0.19292008302112154
2206.0 0.19228428711542805
2207.0 0.19164669127452838
2208.0 0.19100729396681784
2209.0 0.19036609366025717
2210.0 0.18972308882237185
2211.0 0.1891502695546413
2212.0 0.18857613210773416
2213.0 0.18800067578905466
2214.0 0.18742389990588065
2215.0 0.1868458037653644
2216.0 0.18640595858832462
2217.0 0.1859651824704311
2218.0 0.18552347518332973
2219.0 0.18508083649869764
2220.0 0.18463726618824283
2221.0 0.18433392451318256
2222.0 0.18403011849509904
2223.0 0.1837258481545658
2224.0 0.18342111351223403
2225.0 0.1831159145888317
2226.0 0.18298917406723667
2227.0 0.18286220752426874
2228.0 0.18273501504298412
2229.0 0.18260759670651183
2230.0 0.18247995259805364
2231.0 0.18251283227481363
2232.0 0.18254563610772911
2233.0 0.18257836409464706
2234.0 0.18261101623342785
2235.0 0.18264359252194515
2236.0 0.18285271815089496
2237.0 0.18306183694842176
2238.0 0.18327094865725152
2239.0 0.18348005301999476
2240.0 0.18368914977914702
2241.0 0.18404815052063841
2242.0 0.18440709517559742
2243.0 0.18476598321960122
2244.0 0.1851248141279934
2245.0 0.18548358737588444
2246.0 0.18599885704309232
2247.0 0.18651399727766604
2248.0 0.18702900719408339
2249.0 0.1875438859064311
2250.0 0.18805863252840527
2251.0 0.18866001907134822
2252.0 0.18926094502983853
2253.0 0.18986140939123664
2254.0 0.19046141114255438
2255.0 0.19106094927045433
2256.0 0.19177403490286657
2257.0 0.19248648597964318
2258.0 0.19319830118535353
2259.0 0.19390947920411744
2260.0 0.19462001871960521
2261.0 0.1954262839444996
2262.0 0.19623178592471127
2263.0 0.19703652297694474
2264.0 0.19784049341730744
2265.0 0.19864369556131004
2266.0 0.1995064700563842
2267.0 0.20036833394952624
2268.0 0.20122928531760306
2269.0 0.2020893222368043
2270.0 0.20294844278264232
2271.0 0.20379175022473414
2272.0 0.20463378875253263
2273.0 0.20547455666631956
2274.0 0.20631405226597013
2275.0 0.20715227385095267
2276.0 0.20796093623929388
2277.0 0.2087682397972854
2278.0 0.20957418275765802
2279.0 0.2103787633527217
2280.0 0.21118197981436612
2281.0 0.21191505642857347
2282.0 0.21264681054028206
2283.0 0.21337724035735833
2284.0 0.2141063440872967
2285.0 0.2148341199372192
2286.0 0.21543778674745978
2287.0 0.21604021851190391
2288.0 0.21664141361254077
2289.0 0.21724137043102584
2290.0 0.21784008734868054
2291.0 0.21826256161645766
2292.0 0.21868395185135558
2293.0 0.2191042567282765
2294.0 0.2195234749218437
2295.0 0.21994160510640126
2296.0 0.22015691426120904
2297.0 0.22037138140138424
2298.0 0.2205850055744201
2299.0 0.2207977858276132
2300.0 0.2210097212080621
2301.0 0.22101468376748978
2302.0 0.22101910986905618
2303.0 0.2210229990133325
2304.0 0.22102635070079388
2305.0 0.22102916443181836
2306.0 0.22083343122864074
2307.0 0.22063749896837911
2308.0 0.22044136759516586
2309.0 0.22024503705312953
2310.0 0.22004850728639488
2311.0 0.21966077020275704
2312.0 0.2192732269617238
2313.0 0.2188858778090344
2314.0 0.21849872299047737
2315.0 0.21811176275189026
2316.0 0.2175962918245273
2317.0 0.2170812956319402
2318.0 0.2165667746476055
2319.0 0.21605272934509046
2320.0 0.21553916019805225
2321.0 0.21493634943139936
2322.0 0.21433428560306414
2323.0 0.21373296912014172
2324.0 0.21313240038977896
2325.0 0.21253257981917337
2326.0 0.2119066603521706
2327.0 0.2112815621820535
2328.0 0.21065728575185286
2329.0 0.21003383150465546
2330.0 0.20941119988360335
2331.0 0.20877627818593414
2332.0 0.20814229857337416
2333.0 0.20750926115506801
2334.0 0.20687716604010717
2335.0 0.20624601333752923
2336.0 0.20565007740170554
2337.0 0.20505497392390132
2338.0 0.20446070300160274
2339.0 0.2038672647322482
2340.0 0.20327465921322904
2341.0 0.20271310064359957
2342.0 0.20215233405629968
2343.0 0.2015923592388856
2344.0 0.20103317597877304
2345.0 0.20047478406323688
2346.0 0.19999206744636225
2347.0 0.19950984957110102
2348.0 0.19902813032851918
2349.0 0.1985469096095999
2350.0 0.19806618730524297
2351.0 0.19763814217114858
2352.0 0.19721037416615445
2353.0 0.19678288329596366
2354.0 0.19635566956624748
2355.0 0.1959287329826453
2356.0 0.1955777909771163
2357.0 0.19522677173435235
2358.0 0.19487567551848872
2359.0 0.194524502593746
2360.0 0.1941732532244295
2361.0 0.19386323155969035
2362.0 0.19355285005854808
2363.0 0.19324210949178305
2364.0 0.19293101063045587
2365.0 0.19261955424590724
2366.0 0.19237079731978832
2367.0 0.19212135042369627
2368.0 0.19187121468093055
2369.0 0.19162039121521862
2370.0 0.19136888115071615
2371.0 0.19113807581263836
2372.0 0.1909063449501573
2373.0 0.19067369043500196
2374.0 0.19044011413948628
2375.0 0.19020561793650842
2376.0 0.18999012996013276
2377.0 0.18977350059008663
2378.0 0.18955573205104387
2379.0 0.18933682656837658
2380.0 0.18911678636815474
2381.0 0.18887151809986844
2382.0 0.18862505458027293
2383.0 0.18837739871384815
2384.0 0.18812855340566748
2385.0 0.18787852156139706
2386.0 0.18761834844765932
2387.0 0.18735701702853366
2388.0 0.1870945301928761
2389.0 0.18683089083013135
2390.0 0.18656610183033243
2391.0 0.18625338631628846
2392.0 0.18593971064604184
2393.0 0.1856250778093834
2394.0 0.18530949079673523
2395.0 0.18499295259915088
2396.0 0.18462623080481244
2397.0 0.18425885881554974
2398.0 0.18389083911074264
2399.0 0.18352217417028752
2400.0 0.1831528664745973
2401.0 0.18270959090397693
2402.0 0.18226611116187044
2403.0 0.18182242908496174
2404.0 0.1813785465103758
2405.0 0.18093446527567789
2406.0 0.1804101399628947
2407.0 0.17988613941220769
2408.0 0.17936246450034837
2409.0 0.17883911610423397
2410.0 0.17831609510096716
2411.0 0.17768789219871464
2412.0 0.17706067046159332
2413.0 0.17643442973028067
2414.0 0.17580916984535436
2415.0 0.17518489064729154
2416.0 0.17447780439917465
2417.0 0.1737722692008835
2418.0 0.17306828372406582
2419.0 0.17236584663994958
2420.0 0.17166495661934275
2421.0 0.17088078885443697
2422.0 0.17009875561189133
2423.0 0.1693188543436296
2424.0 0.1685410825007983
2425.0 0.16776543753376752
2426.0 0.16692763331354143
2427.0 0.16609240649254434
2428.0 0.16525975352912942
2429.0 0.16442967088059587
2430.0 0.1636021550031895
2431.0 0.16273863518047568
2432.0 0.16187794452486634
2433.0 0.1610200789467999
2434.0 0.16016503435546595
2435.0 0.15931280665880482
2436.0 0.15843695058907478
2437.0 0.157564093027191
2438.0 0.15669422946957498
2439.0 0.15582735541128165
2440.0 0.15496346634599897
2441.0 0.1540730546513916
2442.0 0.1531858738493558
2443.0 0.15230191866881404
2444.0 0.1514211838370525
2445.0 0.15054366407972058
2446.0 0.14967761980627484
2447.0 0.14881471381359387
2448.0 0.1479549409851257
2449.0 0.14709829620273077
2450.0 0.1462447743466818
2451.0 0.1454160968635388
2452.0 0.14459035587444852
2453.0 0.143767546658972
2454.0 0.14294766449548782
2455.0 0.14213070466119185
2456.0 0.14134978970986725
2457.0 0.14057152038688453
2458.0 0.13979589262625813
2459.0 0.13902290236097806
2460.0 0.13825254552301053
2461.0 0.1375229918452284
2462.0 0.13679574443157558
2463.0 0.1360708000213324
2464.0 0.13534815535291572
2465.0 0.13462780716387884
2466.0 0.13395517841686794
2467.0 0.13328445374037995
2468.0 0.13261563085683406
2469.0 0.13194870748803092
2470.0 0.13128368135515264
2471.0 0.13065802070685656
2472.0 0.1300339010949739
2473.0 0.12941132126586594
2474.0 0.12879027996550285
2475.0 0.1281707759394638
2476.0 0.12759905649224737
2477.0 0.12702844209026604
2478.0 0.12645893266882086
2479.0 0.12589052816313215
2480.0 0.12532322850833935
2481.0 0.12481780599234973
2482.0 0.12431296457993977
2483.0 0.12380870546808508
2484.0 0.12330502985411382
2485.0 0.12280193893570679
2486.0 0.12234139252034905
2487.0 0.12188100503377738
2488.0 0.12142077885254758
2489.0 0.12096071635404093
2490.0 0.12050081991646412
2491.0 0.12007622480012711
2492.0 0.11965139620597197
2493.0 0.1192263377484442
2494.0 0.11880105304332707
2495.0 0.11837554570774139
2496.0 0.11798222122395545
2497.0 0.11758829133178524
2498.0 0.11719376080797221
2499.0 0.11679863443106328
2500.0 0.1164029169814107
2501.0 0.11600881483289743
2502.0 0.11561394312472936
2503.0 0.11521830782729842
2504.0 0.11482191491309068
2505.0 0.11442477035668645
2506.0 0.11404323055020878
2507.0 0.11366067383521496
2508.0 0.1132771071543033
2509.0 0.11289253745252051
2510.0 0.1125069716773616
2511.0 0.11213355736435782
2512.0 0.1117589211183384
2513.0 0.11138307051351734
2514.0 0.11100601312684108
2515.0 0.11062775653798819
2516.0 0.11024992020143443
2517.0 0.10987074536528295
2518.0 0.10949024023979781
2519.0 0.10910841303820532
2520.0 0.1087252719766936
2521.0 0.10833042350931213
2522.0 0.1079342213591086
2523.0 0.10753667440230966
2524.0 0.10713779151839094
2525.0 0.10673758159007674
2526.0 0.10632246689207192
2527.0 0.10590607316205385
2528.0 0.10548840934328521
2529.0 0.10506948438229033
2530.0 0.10464930722885454
2531.0 0.10422750105765966
2532.0 0.1038044624632353
2533.0 0.10338019901917818
2534.0 0.10295471830189608
2535.0 0.10252802789060773
2536.0 0.102072190501094
2537.0 0.10161535748212219
2538.0 0.10115753595327455
2539.0 0.10069873303675408
2540.0 0.1002389558573842
2541.0 0.09972184466255139
2542.0 0.09920423494849799
2543.0 0.0986861342420981
2544.0 0.0981675500729779
2545.0 0.09764848997351526
2546.0 0.09709183755221348
2547.0 0.09653511635797535
2548.0 0.09597833268283257
2549.0 0.09542149282107153
2550.0 0.09486460306923357
2551.0 0.09427861172847826
2552.0 0.09369294771688765
2553.0 0.09310761542323395
2554.0 0.09252261923778557
2555.0 0.09193796355230668
2556.0 0.09131470211457225
2557.0 0.0906922798517035
2558.0 0.09007069955605772
2559.0 0.0894499640208655
2560.0 0.088830076040231
2561.0 0.08816823962529692
2562.0 0.0875078200279186
2563.0 0.08684881842614442
2564.0 0.08619123599826196
2565.0 0.08553507392279829
2566.0 0.0848471307955647
2567.0 0.0841610932590375
2568.0 0.08347696076834452
2569.0 0.08279473277818096
2570.0 0.08211440874280926
2571.0 0.08141027388463673
2572.0 0.08070844623279992
2573.0 0.0800089236901233
2574.0 0.07931170415838198
2575.0 0.07861678553830155
2576.0 0.07790371709843974
2577.0 0.07719330540078355
2578.0 0.076485546993558
2579.0 0.07578043842340866
2580.0 0.07507797623540194
2581.0 0.0743650645353166
2582.0 0.07365505611777758
2583.0 0.07294794649156519
2584.0 0.07224373116344969
2585.0 0.07154240563819139
2586.0 0.07083609172361172
2587.0 0.07013284241804027
2588.0 0.06943265248602351
2589.0 0.0687355166898083
2590.0 0.06804142978934229
2591.0 0.06734796169340182
2592.0 0.06665764196425941
2593.0 0.06597046489341851
2594.0 0.06528642476987666
2595.0 0.06460551588012518
2596.0 0.0639319485170131
2597.0 0.06326150723010895
2598.0 0.0625941862002307
2599.0 0.06192997960565449
2600.0 0.06126888162211484
2601.0 0.060621309300990536
2602.0 0.059976742406996894
2603.0 0.059335175356028565
2604.0 0.05869660256159456
2605.0 0.05806101843481822
2606.0 0.05744234900235457
2607.0 0.05682652526595953
2608.0 0.056213542035973195
2609.0 0.0556033941205134
2610.0 0.054996076325476
2611.0 0.05440827780342466
2612.0 0.053823111726988414
2613.0 0.05324057352311192
2614.0 0.05266065861673806
2615.0 0.05208336243080815
2616.0 0.05152764568127172
2617.0 0.05097432387425709
2618.0 0.05042339315436374
2619.0 0.04987484966448228
2620.0 0.049328689545794724
2621.0 0.0488069342942674
2622.0 0.04828729409966931
2623.0 0.04776976596108992
2624.0 0.04725434687624576
2625.0 0.046741033841480734
2626.0 0.04625110524200725
2627.0 0.04576303403564071
2628.0 0.04527681804014966
2629.0 0.04479245507226382
2630.0 0.04430994294767412
2631.0 0.043850289840359234
2632.0 0.04339227447834335
2633.0 0.04293589539624014
2634.0 0.04248115112804647
2635.0 0.04202804020714248
2636.0 0.04159669318199332
2637.0 0.041166749084000434
2638.0 0.04073820723973675
2639.0 0.040311066975429466
2640.0 0.03988532761696017
2641.0 0.03948162395720877
2642.0 0.0390791115174911
2643.0 0.038677790334586154
2644.0 0.03827766044519788
2645.0 0.037878721885954904
2646.0 0.037502057391557896
2647.0 0.037126376867706146
2648.0 0.036751681038484724
2649.0 0.036377970628101414
2650.0 0.03600524636088656
2651.0 0.03565973469945203
2652.0 0.03531492896932783
2653.0 0.034970830377191675
2654.0 0.03462744013000044
2655.0 0.03428475943499004
2656.0 0.03396159395969389
2657.0 0.0336389844162049
2658.0 0.03331693246201804
2659.0 0.03299543975504309
2660.0 0.03267450795360457
2661.0 0.03237122845740247
2662.0 0.03206839996990924
2663.0 0.031766024535969245
2664.0 0.03146410420096641
2665.0 0.031162641010824128
2666.0 0.030878188922917604
2667.0 0.030594088546079923
2668.0 0.030310342187657352
2669.0 0.030026952155617046
2670.0 0.029743920758547045
2671.0 0.02948127153995879
2672.0 0.029218830262716353
2673.0 0.028956599174117085
2674.0 0.02869458052208095
2675.0 0.02843277655515048
2676.0 0.028185160131511896
2677.0 0.027937702969235773
2678.0 0.02769040738610639
2679.0 0.027443275700554267
2680.0 0.027196310231656265
2681.0 0.026963213232121957
2682.0 0.026730232538075244
2683.0 0.02649737040193012
2684.0 0.0262646290767377
2685.0 0.026032010816186037
2686.0 0.025810951966711532
2687.0 0.02559000093046105
2688.0 0.025369159883732808
2689.0 0.0251484310034407
2690.0 0.02492781646711413
2691.0 0.02472148060787103
2692.0 0.024515207237606522
2693.0 0.024308998177423918
2694.0 0.024102855248953236
2695.0 0.023896780274350982
2696.0 0.023699709638400755
2697.0 0.02350272370946352
2698.0 0.023305824145009365
2699.0 0.02310901260298504
2700.0 0.022912290741813987
2701.0 0.022729039550111442
2702.0 0.022545827970759935
2703.0 0.0223626572019657
2704.0 0.022179528442267664
2705.0 0.02199644289053745
2706.0 0.021820229775936593
2707.0 0.02164409759463931
2708.0 0.02146804736299469
2709.0 0.021292080097630135
2710.0 0.02111619681545137
2711.0 0.020949662760217626
2712.0 0.02078321215428688
2713.0 0.020616845718865035
2714.0 0.02045056417535667
2715.0 0.020284368245365014
2716.0 0.0201236359405273
2717.0 0.01996303425028698
2718.0 0.01980256372442412
2719.0 0.019642224912864575
2720.0 0.01948201836568001
2721.0 0.01933098446288509
2722.0 0.01918007866301238
2723.0 0.01902930128045749
2724.0 0.0188786526296953
2725.0 0.018728133025280022
2726.0 0.018582010280446003
2727.0 0.01843605807742237
2728.0 0.018290276604003244
2729.0 0.018144666048022066
2730.0 0.01799922659735152
2731.0 0.017862071554472538
2732.0 0.017725068406397634
2733.0 0.017588217209400656
2734.0 0.0174515180197581
2735.0 0.01731497089374907
2736.0 0.01718258154006761
2737.0 0.017050376089239167
2738.0 0.016918354524513814
2739.0 0.016786516829120423
2740.0 0.016654862986266557
2741.0 0.01652970312283429
2742.0 0.01640471845869326
2743.0 0.016279908935555733
2744.0 0.016155274495100864
2745.0 0.016030815078974674
2746.0 0.01591042449204084
2747.0 0.0157902278717239
2748.0 0.01567022512362738
2749.0 0.015550416153309573
2750.0 0.015430800866283546
2751.0 0.015317573488512056
2752.0 0.015204526970271182
2753.0 0.015091661219237862
2754.0 0.014978976143045757
2755.0 0.014866471649285264
2756.0 0.014758001275620757
2757.0 0.014649717861921312
2758.0 0.01454162130340621
2759.0 0.014433711495247388
2760.0 0.01432598833256947
2761.0 0.014223789742109343
2762.0 0.014121761035861985
2763.0 0.014019902128986782
2764.0 0.013918212936602612
2765.0 0.013816693373787875
2766.0 0.013719524250301242
2767.0 0.013622520676235459
2768.0 0.013525682567025686
2769.0 0.013429009838067106
2770.0 0.013332502404714968
2771.0 0.013241747103473355
2772.0 0.013151129346117185
2773.0 0.013060649082934642
2774.0 0.01297030626418627
2775.0 0.01288010084010495
2776.0 0.012794306511032699
2777.0 0.012708639041966622
2778.0 0.01262309838769161
2779.0 0.01253768450296725
2780.0 0.012452397342527805
2781.0 0.012372692244706275
2782.0 0.012293085872868096
2783.0 0.01221357820891153
2784.0 0.012134169234720103
2785.0 0.012054858932162592
2786.0 0.011979795067427886
2787.0 0.01190481633446263
2788.0 0.01182992271851691
2789.0 0.01175511420482825
2790.0 0.011680390778621643
2791.0 0.01160932528257646
2792.0 0.011538331389730254
2793.0 0.011467409086996108
2794.0 0.011396558361279075
2795.0 0.011325779199476192
2796.0 0.011259086219487263
2797.0 0.01119244970862729
2798.0 0.01112586965792151
2799.0 0.011059346058389066
2800.0 0.010992878901043023
2801.0 0.010930788245382937
2802.0 0.010868733779353467
2803.0 0.010806715500832852
2804.0 0.010744733407696223
2805.0 0.010682787497815621
2806.0 0.010624676516733373
2807.0 0.010566587529473176
2808.0 0.010508520536195474
2809.0 0.01045047553705902
2810.0 0.010392452532220873
2811.0 0.010338312569562098
2812.0 0.01028417933660986
2813.0 0.01023005283547292
2814.0 0.010175933068259719
2815.0 0.010121820037078351
2816.0 0.010071102121587117
2817.0 0.010020378863932521
2818.0 0.009969650267558031
2819.0 0.009918916335907834
2820.0 0.009868177072426858
2821.0 0.009820612436940745
2822.0 0.009773030838305781
2823.0 0.009725432280681068
2824.0 0.009677816768227336
2825.0 0.00963018430510696
2826.0 0.009585311241574442
2827.0 0.009540411557332528
2828.0 0.009495485257428495
2829.0 0.009450532346912057
2830.0 0.009405552830835382
2831.0 0.009363336051050566
2832.0 0.009321083242443724
2833.0 0.00927879440901188
2834.0 0.00923646955475485
2835.0 0.009194108683675269
2836.0 0.009153981921411189
2837.0 0.009113812281303783
2838.0 0.009073599767707727
2839.0 0.009033344384981011
2840.0 0.008993046137484959
2841.0 0.008955556840179584
2842.0 0.008918012983595191
2843.0 0.008880414558388141
2844.0 0.008842761555215406
2845.0 0.008805053964734532
2846.0 0.008769174968475166
2847.0 0.008733238138078546
2848.0 0.008697243463524502
2849.0 0.008661190934793483
2850.0 0.008625080541866571
2851.0 0.008591159701821264
2852.0 0.008557172149777305
2853.0 0.008523117858245463
2854.0 0.008488996799733146
2855.0 0.008454808946744427
2856.0 0.008421779701077605
2857.0 0.008388683004381288
2858.0 0.00835551882871818
2859.0 0.008322287146147578
2860.0 0.008288987928725346
2861.0 0.00825721791300995
2862.0 0.008225374928862151
2863.0 0.008193458932207902
2864.0 0.00816146987896582
2865.0 0.008129407725047182
2866.0 0.00809786022344276
2867.0 0.008066241484319782
2868.0 0.008034551464836432
2869.0 0.008002790122143777
2870.0 0.00797095741338577
2871.0 0.007943783600601557
2872.0 0.007916505239467188
2873.0 0.007889122196442317
2874.0 0.007861634337957547
2875.0 0.007834041530414408
2876.0 0.00780649573366667
2877.0 0.007778849404451898
2878.0 0.007751102419695662
2879.0 0.007723254656297002
2880.0 0.007695305991128427
2881.0 0.007668518242488902
2882.0 0.007641622333601191
2883.0 0.007614618128557033
2884.0 0.007587505491418384
2885.0 0.007560284286217391
2886.0 0.007532627618629794
2887.0 0.007504868108501228
2888.0 0.007477005638928621
2889.0 0.007449040092983862
2890.0 0.007420971353713817
2891.0 0.0073936351344066975
2892.0 0.007366189057547925
2893.0 0.007338633009513981
2894.0 0.007310966876657477
2895.0 0.007283190545307157
2896.0 0.007254676673034091
2897.0 0.007226059475170379
2898.0 0.007197338866967471
2899.0 0.007168514763660378
2900.0 0.007139587080467624
2901.0 0.007111909302528194
2902.0 0.007084112521605741
2903.0 0.007056196669356463
2904.0 0.007028161677425578
2905.0 0.0070000074774473
2906.0 0.006970873978073926
2907.0 0.00694162841534438
2908.0 0.006912270762155488
2909.0 0.006882800991403844
2910.0 0.006853219075985836
2911.0 0.0068229717812013585
2912.0 0.006792616705770101
2913.0 0.006762153865386513
2914.0 0.006731583275756357
2915.0 0.006700904952596688
2916.0 0.0066692568430840255
2917.0 0.006637508549635423
2918.0 0.006605660131173505
2919.0 0.006573711646643548
2920.0 0.006541663155013484
2921.0 0.006508428271455305
2922.0 0.006475103749150903
2923.0 0.006441689686223209
2924.0 0.006408186180828088
2925.0 0.006374593331154364
2926.0 0.006340145378319453
2927.0 0.006305615344236912
2928.0 0.006271003365407314
2929.0 0.006236309578374235
2930.0 0.006201534119724265
2931.0 0.006165849038350053
2932.0 0.0061300916262143484
2933.0 0.006094262050912818
2934.0 0.006058360480092361
2935.0 0.006022387081451077
2936.0 0.0059857669909058435
2937.0 0.005949081223533084
2938.0 0.0059123299767906735
2939.0 0.005875513448195515
2940.0 0.00583863183532353
2941.0 0.005800964546911048
2942.0 0.005763241933453242
2943.0 0.005725464211735937
2944.0 0.0056876315986005635
2945.0 0.005649744310944136
2946.0 0.005611325169871717
2947.0 0.005572855631605483
2948.0 0.005534335932580282
2949.0 0.005495766309291054
2950.0 0.005457146998292827
2951.0 0.005417873761435975
2952.0 0.00537856381861739
2953.0 0.00533921740025362
2954.0 0.005299834736811662
2955.0 0.005260416058808928
2956.0 0.005221122568690983
2957.0 0.0051817953774953174
2958.0 0.005142434721117248
2959.0 0.0051030408355035506
2960.0 0.005063613956652437
2961.0 0.005024057851673692
2962.0 0.004984476878249493
2963.0 0.00494487125662638
2964.0 0.004905241207099355
2965.0 0.004865586950011862
2966.0 0.004826397696728481
2967.0 0.004787184153197906
2968.0 0.00474794653496011
2969.0 0.004708685057602464
2970.0 0.004669399936759717
2971.0 0.0046303969995394375
2972.0 0.004591375578950781
2973.0 0.00455233586724531
2974.0 0.0045132780567171266
2975.0 0.004474202339702858
2976.0 0.004435907949440043
2977.0 0.00439759339185916
2978.0 0.0043592588470039925
2979.0 0.004320904494958269
2980.0 0.004282530515845641
2981.0 0.004244363566502714
2982.0 0.004206188095842526
2983.0 0.004168004240325448
2984.0 0.0041298121364423184
2985.0 0.004091611920714454
2986.0 0.004054489205725628
2987.0 0.004017354213357614
2988.0 0.003980207065233987
2989.0 0.00394304788300567
2990.0 0.0039058767883509205
2991.0 0.003869614327161891
2992.0 0.0038333393994525386
2993.0 0.003797052103808353
2994.0 0.003760752538837069
2995.0 0.003724440803168662
2996.0 0.0036893893025267952
2997.0 0.0036543204806716335
2998.0 0.003619234419997365
2999.0 0.0035841312029170408
